-4.6072609682312988	-10.7142178044924385	4.3104661403442055
-2.7314136112693190	0.8391992222073925	16.3486125846964896
2.7114080651989303	-20.3054507887436095	-10.5208417304718704
-6.5235573385324281	-2.3479227172874513	-3.1230595346774144
-4.6936943628246599	-3.8990840265575724	-1.6354579055070506
-13.5337148434064893	0.4203269147830359	-7.4188077376228563
6.7703667367661664	-6.2843134108524623	1.4588581949779109
-3.5287264484465828	-1.6485837494282962	-6.9967262924158335
12.8282267362588822	-9.5281526984719704	-11.0633333946794910
15.5435655486155611	-3.2220749229747070	-6.2340990042150644
-2.3826533053028389	-7.2771073708656688	-1.7136330006393194
-6.5355620338148670	-8.3417433762208955	-4.4717337426837007
-3.0237355466174836	-12.8481293054236652	-9.6486306835876441
12.5419009148378588	-7.6154802634134056	-24.3567969605976984
-6.6286480930867455	3.3067472829778355	4.5224427576613362
-3.8002543068783585	-4.7780258353952272	3.4766780562412603
-1.2398996788106749	-0.8242221971223133	-6.1598950850031127
-19.4476716175967326	-18.7473847890090184	25.2964529364221349
-10.8387213685540509	-7.7492683125971160	-7.1510296804152489
-5.2508774180138618	6.1406597431772125	-9.8881059136733338
-3.6921955893783598	-4.9535880672215153	-1.0161238984867553
22.3846023304204245	-11.6555384662246180	13.5061164057847503
2.5586674599797683	-25.3233525750737449	11.5760346485154848
-1.2569304423290435	-12.9772925434359170	-3.6800523271051651
5.8032941423917546	-2.7851348630111845	1.1294196172497155
-4.5818618234310247	-27.2137870922656795	7.2496932271853440
2.7688401536004998	-9.5099053916871537	-2.1635872451095732
9.1235979382100325	-6.3339060692682336	-5.1776499060732046
-3.0038843320518445	-4.7075411498386543	-0.5769299111651466
2.3472605693321587	-6.9608399082045809	2.2361115237967075
3.0802916200051249	-6.1813204060919658	-0.9521321868835465
-2.1459908084844197	-6.3287752212708250	-13.1240318706998966
-8.6220420533196869	-10.8277509739319537	-3.0606479202253789
9.9820344568039676	-11.5869629304042796	-7.2543104125987661
1.1194119709090189	-5.4576280830260071	-0.4070519851982118
11.3407684611753030	-8.8523502854575860	-8.1069891469398314
3.8473613701301508	-3.3084884099962562	5.8035089624652221
-15.4165874000412355	-10.9744376231494147	-3.1319269625203336
0.5357764167012927	5.7261517800677861	-5.7277229472067424
-9.0411711934476511	-14.4913879797108613	-9.5672831513774650
-2.4524328140443643	3.2821858200244591	-8.1038704960634700
3.9561915860497070	6.3217648211323363	-7.3833988870970542
-6.8185153975294419	1.9058543767665828	-4.9526114166365254
8.9356814625931520	-7.6818387907842709	-11.6112758366808535
-2.0483110975727006	-13.9921481853176299	-3.7627256226486065
6.4167231984179063	6.5954535846729518	-15.6011997930771908
1.4883043605623922	-8.8709154966450132	-0.7681337202663829
8.1215843909548049	-2.3689163554276575	-4.0435740849144421
-5.9305931679403061	2.1086651055752110	2.5615815913215374
-0.9399932697824842	-6.6675214904683422	-0.6638595544586157
3.4861613568579712	-3.7871830377027496	-6.1744668431506247
-2.1114499345677777	-5.4132760070292250	-0.4840881501398337
18.3539818364910907	-7.1738348348895684	-1.1501760890752859
0.5909778387474796	-6.7695398696595959	6.2337487816135946
11.1497992269577786	2.6583631138206054	-12.4371883593082035
2.8183183354688479	-19.0396799717360743	-14.2196264145266618
-9.7682113136045423	-3.4675421282448262	-6.9188996181046267
0.3884446794428543	5.6259155823361677	-1.1260847705483681
-4.5732564816567409	0.1079901253204665	-3.1648466772035024
10.5817860550840734	0.5056552472498581	-27.0241619257191203
-11.1715206086730561	-8.1535922794131004	-31.9974538731768021
10.8041532960965601	-10.1206922489435218	4.0439501456453666
-15.1938502474604888	-28.0858390261521080	-14.2560884320242103
0.8299184051265666	-6.5092209719171201	-1.4570135566203151
1.7703652833081500	-4.1289898751515599	-2.2618697304419273
12.1097634122561466	-3.4476415551308959	2.1606625167061799
8.9274002708450286	-15.0558117543689534	-4.3758065237678130
17.3798920266937031	4.7821467576627468	-12.5071953117283918
-3.6642542145386234	-0.0647094979771618	-7.4853887492554465
-9.6703712009332214	-16.0267741914104107	13.4675578482189824
11.4692136099698594	-14.0131544228953047	-3.9281705357029342
8.5359365472903388	0.4913176404056543	9.4970308746670948
-19.1867638350737373	-3.5345476324003164	-10.2931191848499601
4.0521348299491420	-4.0745118757549701	1.9772848610043758
-4.8279735017504350	-15.4256942342857339	-33.3073791928731850
10.3697599874750939	-4.8046336854468370	-9.6853211035782625
-41.6043070653762683	6.7054116957993193	10.7328517335396523
-0.5443321792139039	6.9344712777594557	-8.2138884705677064
0.9300433275877558	0.7265777056534684	4.9653900163480769
-1.1516804455890646	-3.5132599364551309	-4.5613442778420632
4.1932372606295134	-3.4211503290924954	2.5638903023312469
5.9205202624645787	-0.0713458200621060	-1.0077992040839598
-17.2079533932284399	-9.0935354140038704	-7.9910350426212657
2.4654236452668954	-17.3627601896956207	10.3640576576194352
5.5171367924672081	1.9991446071836283	-5.3368576636750209
-3.8585756971620309	5.6694235284458232	-6.4587493940701570
-3.5445279961722451	-15.4226537066851712	10.3905788062197928
6.9379224280585525	2.7755638066079529	0.5468282531549802
-1.0064908253789382	-2.7108225149290570	-6.5061161769976037
-1.3723231268028186	-3.4807710838231114	10.1003539204236450
11.1341354333984590	-14.9979820512361872	-14.4015307243806721
4.9611554929234059	-12.4445665557978575	-8.0834431467181265
-1.9620999795142355	-0.8164312422029946	-7.5508876179926281
6.8795590737402188	-12.2451843945234220	7.5047148794354852
11.4448055146061609	3.5545852330720780	-25.4824276651470321
3.3200056914868172	-4.6361729856030562	4.5480686574597033
8.5103937825218861	-3.8503892472416079	2.4809671256560262
11.4415957097902279	-5.0725585859536722	-8.4614045626955505
-7.5100545111828980	-20.3515207132805926	-9.5651109558144469
-11.2907964910996554	-1.3372335677934419	1.0530347132716387
-0.1967973651395050	-0.2496185854758562	7.4329223289958843
-8.4696472391461661	-7.2607020128619535	12.9777825862294129
4.4795992862146150	-16.4599974330665937	1.6769320383521884
10.4141785999323524	-15.4237062689267788	29.7921374714628016
7.0252918794821024	-9.6696609168392929	-4.3577532771765748
-0.9219090695309776	-10.1991026050395632	2.0325823176293683
5.0083042027817122	-3.9610672377864664	-1.2445259790861740
-2.6144856772012859	-3.8814706852734506	3.4199122734863368
-10.6110409094094198	-7.4710536866532919	-7.7666080539303399
-6.1436839915788370	-5.3420177151141663	11.5067388500443588
5.3653284365725948	-5.2086573912568701	-0.9339766959169558
3.4273814555687223	-4.3127446984763695	4.8513106864113960
-3.6208577805935089	-4.3173876176578698	-0.1518977341176359
13.6605148700200854	0.1369424256483515	11.7236543396202553
8.7894467772971350	-7.4323594362626189	3.6096500627411547
-3.6896087938965625	-9.7931107977892147	-12.3916031197501351
-10.3321200993007754	-1.6115867379331681	-1.6089063513915902
-18.1532052610553869	-9.1782511552397654	-1.8640773712731760
0.4539825937936968	0.7430592258199242	-5.6634231013683456
9.6229688317954878	-6.0928521588853846	4.5416774831361799
14.1639427611259983	-24.8202823313466858	12.9485521173464395
-8.8983439472580645	-6.5801738052236569	1.7124008070996484
-0.6635706942633648	-4.8947681864807135	2.3069646203105263
5.1260361118926667	-2.2506365346300199	2.2980463691533797
18.9321072563393109	-9.0048149764227645	9.9273139313516001
7.7322126522179362	-3.4298046512385798	-8.2087503385118268
5.7976772870225188	-10.3599222749285609	-34.4429643533769649
-3.0045620684725458	-7.2029815172678564	-1.3864419863855637
9.6331302707867383	-33.4069737201307078	11.8457969789138726
3.5303517127573607	0.2371630697537919	11.9129684665495130
4.3866994397580497	1.9249726249455414	1.4906982470909065
-2.5463329930630416	-0.3796453598824380	-7.3811296964187116
10.3239516229085257	2.7385491025319806	-12.5240066551754641
8.1383845449518919	-8.6699865920225427	2.0399335563836898
12.9123363888128608	-3.4194026729608851	-2.2804528364596477
3.1730186565927903	5.0386687004718729	-5.9376304054614026
6.3860890675012749	-4.6145538714074830	5.3042463637157535
-7.3424499865135537	-16.5736104315055499	-9.1031210349298846
-8.7923447375732291	-0.9910195214106357	-5.3052145005041478
-10.5003930310286151	1.2366091595504269	7.0107438930303285
-4.4788111261111485	-24.4434941699527606	4.1617653046539900
12.2902162518986433	-4.7073758050017407	-9.4937656196247424
-8.0337228753453527	-2.4054205754616533	-11.0647658708038907
7.0292280981815978	-11.2778116487583429	-6.9895903600005305
3.4937420606052294	-5.4707705617695295	-12.7900879609439020
7.0532678310739465	-14.7470025685492026	12.5229242542049750
4.3927405511632873	-0.8804279548022249	-2.3804319032576631
-3.7196691495206955	-9.3441421866751337	-10.0627354954050752
-2.5053863086580277	-10.1106887947828294	4.0591082353702284
-2.0473195741657317	8.3162316910463634	-15.2392924208078302
0.5126428488747860	-6.2087860133946933	1.2791343521525331
-0.0657874470710370	7.5428485095527700	-12.6085908303699448
-3.9637387882949211	6.8550337214402974	-9.3557720911325148
-0.1988835485535735	-8.8217492110795153	-8.2091428881745490
11.9741972844520195	0.4176349825193479	-16.1169298135285146
8.0938733142736172	2.3070174145802529	1.0166905358594875
-1.9229342995339040	-7.5758596713270823	3.7987177304873962
5.7766672818740039	-4.4272252452508258	2.8912791392087822
5.8042556656880278	-7.7677196010634164	-15.5579759215805566
15.8494284711379354	-3.8416049795709206	-3.4653932819723874
-8.1592557147910547	3.5223751719855660	-7.8579074267408480
-8.2878278166143087	-5.5355621144728486	-4.4677889360265572
13.0732389678886562	-7.2883484842820101	-11.5295224966839509
-6.1737324294809826	3.4862422357971754	-5.9453220447786821
5.3655107975736867	7.2702599084122523	-12.9273557974803204
-7.6279856567914619	-9.0384956161479977	-9.5539101960624357
-1.6306094352841272	6.6539497204479865	3.0733743514794587
-2.4042057769023977	-7.7449518877445858	-8.0188898679634484
-5.1760743596149679	6.1387495574360909	-6.4798678162770873
23.7753543637727311	-10.2032747619490447	-3.6332970203307062
3.8729509275445557	-13.7773101055165927	-7.3660300635155416
-6.8943064940972310	-16.9454164514745962	3.7830839747365479
8.9617775556532422	-3.7614867554915383	-5.2476389618407051
-4.9564272830623217	-3.7499117941628630	-1.7789162128495117
-0.4502182356617443	7.9689526280198022	-11.2191627061022565
6.4753270576852469	-2.5451924306974498	1.8029794769465433
1.5635859122086830	-17.8748995195983404	5.7109396240028794
-4.6263352643688442	-0.4431117929801200	2.8782975685043444
-1.0665866329719766	-4.8241246569792082	5.7507857928824171
-0.9337345642398940	-4.6449807904095746	4.1428015756222862
-12.2777374126471184	1.3722573736120287	3.1803005256608299
4.8891330857607667	2.4611946331200172	-1.5967161223250117
16.8138437570452659	-28.0243547893545575	-1.0122541821099784
3.3075980009640493	-4.8127207613590866	-1.0434935274714392
-3.1320967012795897	7.0630833987987334	-9.5073486392200568
-10.0646605629894417	-13.5937682139489837	-5.5465946583220784
-7.3271098454327186	-0.6737781937680449	-4.5005346228100231
-23.6006984770843182	1.5302600025153694	4.8649893708728644
-1.9639161855301279	-4.7632011497174656	3.1649896829967199
-5.9431916991669125	3.4818900828965198	-5.8642064021031892
-8.5401745727258707	-10.3564382547481983	11.1453236359601586
2.9431425440645840	-0.1814462371603019	-4.2025158546965775
-5.7178402629650611	3.9031151159627413	-5.9568071791842794
-9.0798665798335136	-6.9272063824495316	-4.1457439577385991
1.4729287622422893	-10.8316343791088023	4.4441792957169985
3.7463230952475852	-0.3070030837490398	-8.0529400450000193
-11.0951778421213767	3.7660591185213290	5.7728243062619908
11.5578377587449808	-3.3093049180191314	0.9635051918926753
-4.9628586574946363	7.2877683063238505	-19.0244942882210388
2.0139672370303070	-6.4789702955935633	1.6710912605840320
-2.8787991665664898	-7.9560642260871459	-7.1851653216198468
-0.5865370663111996	0.8618184668667125	-5.3002006454446757
-1.7325484912707321	-6.3043277136887834	-1.0014128175002259
5.3686980831065734	-17.2449244076371251	-11.4180754058870360
15.5178847831490465	-5.5128292288397134	-19.5483942598576661
6.4015842607427382	0.2048187851402085	17.5543660025763479
19.4256497021975854	-18.5726516116860303	15.0427862447541614
7.6992210440328721	-9.2584924272118645	-5.5666279927298561
-3.2243521889563951	-7.7234578757651455	2.1469539264320763
8.8576103094928733	-9.4216855953915850	3.7129430171188642
8.3499735364008334	-6.5873095214982893	-5.1407045017399948
-6.3321119331400588	2.0370098942483783	1.6196395254577152
-0.0118141846316306	-4.6551925591613275	-8.0382126005182091
12.4444665102144665	-17.4289205140791950	-2.4904329523507669
2.2152559909335929	4.8088400237457387	2.4486182830351333
18.4117447416022735	-27.2741552524985593	12.0106080713533956
-1.9874436904360988	8.3002129635209059	-14.0587972046083287
1.5075515459551116	-5.8510077745701814	-7.3303365308010964
-7.5977327603909082	5.0270339797446519	-9.6909476407364856
-4.1743609684727634	-23.2512202572303579	-8.6756436655326716
-2.7650371124815645	-1.0140111174775364	-4.2555469340109218
2.3434625495887307	-4.4506845115054787	-0.2681606579261520
-3.5495496796163040	-5.1687114116054884	-6.8555084905419390
0.3472601815897486	-6.3764053409168167	-0.3802265159775536
1.2487162049010447	-7.4160139945956338	-6.8404174910820359
-4.9962633217446593	-1.8631447786053923	-1.7303002730043862
10.5897446734548062	-40.6410165977679725	1.6774748039569234
-6.3101959170678361	5.2066105559179734	-5.2544580717468117
2.1454575188681742	-5.6016533963884552	-9.3763726872743707
4.2531943597785906	-12.1509526137200012	-10.3869143576478073
-11.4757909070267647	-20.9148665709856374	-5.1099094194677663
2.9036926553031268	3.5497840279952158	4.6308018428715085
-3.3637341493219233	-6.4765532576904903	2.1139484379208437
-1.2955517315517244	-4.9305403397029135	-4.9682041696848263
2.7363439374288312	-8.5910334983025773	-2.1000857144439253
2.4692578837075487	-2.4667473796707351	4.2956535072610382
-18.2298909367272017	-6.4302652393644175	-6.5187988326928421
-4.5670527835586361	1.5500000676492998	-3.1167965938860367
-5.9278077792292585	-2.1827445455525631	-0.4606942093138852
-0.9907047755947871	-5.2917410021828211	-2.7652312215251369
-1.0494620477141374	-5.0465129877742809	-2.6069704913316221
8.6399031186915014	0.7914323402496276	-6.1590527886294817
4.1214369715370909	-3.0684828649798765	2.7950918452279621
-3.7634374081045578	-2.4283354179859646	4.8050879165822771
-7.7959255591329981	-1.8222429829116056	-2.7580674213586929
-3.8866263211309007	-7.8940574688316287	24.7467620800655901
17.0013784570435611	-19.9677868470903483	6.8249301081669653
-12.2367740760432575	5.4808889779310919	-13.3859133124347416
5.1769559956875684	-20.8588989642641991	-18.8983976484790155
0.8859588721822075	-0.6566668220923588	5.6858169853201588
-7.2470249273962608	-0.4447672994044639	-10.1610321727456228
-5.4864855511622554	-9.8887778144403669	10.4340800103577251
-0.2860624770923068	-2.7072338349529406	-5.1214220781743709
11.5001561967101704	-13.5024913619116340	-4.8960180470668364
-7.5094318302367453	7.6683010534526499	-15.1036799334629261
9.7838644438820044	-13.8141346753799610	-31.1052934378030699
-5.9348083100719000	-14.7119966128551898	-14.9906240965147344
-3.0508531642163934	-2.7948209378521680	-4.6011040860057362
8.8992092791525224	0.8864757150814438	-1.2692481757387000
-3.9730449687628684	-1.3966859272610059	5.8089154577652087
4.6488833785054782	-9.5494208652436452	-1.7263784619126972
15.7104521052319228	-0.8337707988530207	-7.0196664454045781
8.3773217143112504	-9.6674370729553765	-5.9943268622903165
1.2295505199105019	-6.1571772192492844	-13.1499016087306799
-14.8534951843966052	-5.8214417185220340	-17.9509899038540901
1.5804858192425955	-12.8290985827173483	0.0868682368834709
-13.3994302986714917	-1.5640067424849677	-10.3206091361280734
-9.5926578695473026	-9.3191642003439945	5.4551704202520224
2.9060397311168895	-12.3981990405235880	-5.1787649141207064
-10.5231051884771158	-5.9871182982902962	-7.2673568910334527
-1.9117020076867781	-16.2055412028670247	-33.8030486865817963
1.4871937493919556	-7.5898157904116443	4.0781962423813045
-6.1501413229944362	-14.9898178261413619	-1.7446016292332369
3.9810932356958175	-4.7796403783880388	3.4706553047967614
5.6036522179393913	1.0108566801452326	10.1814540365509476
3.1252034055929188	-7.4313607252373357	-0.8347318188762208
-14.2805315865574016	-3.0469333813100636	-19.8826683030022444
-4.5454412124404380	-5.2222250282965339	-1.1350273137961291
-1.3113330854731142	-4.8150649668611392	2.4175045021350181
-6.5232542757354031	-2.6375865067181206	-2.4135087894633065
-7.2427680385818505	0.8636580223187449	15.2042430462801317
5.7349262345676300	-7.0101097976593127	6.6313395621645510
-4.9901052719585861	1.2981821449826438	-1.5412095931965601
13.2139672370298253	-9.4386624116102862	-2.3659913728296798
-1.2158314913120658	-3.5687223732158020	-8.5716877572398591
-10.1176095357952462	0.7939693642103420	-7.5703319287264055
-26.7506472538612776	-2.3208416459706975	-5.2666058995934248
9.6138475614392220	2.4908503190774320	4.4738021205709124
3.3078377162479162	-5.9070891874385838	7.2765333899746123
14.4448525007264070	-7.3243289463157968	-9.6461023671450192
-8.0146362851983515	-9.1974803312373137	-5.3371232205835994
0.8385210995284731	-15.7609192124338495	21.6627792479628951
13.3043052217977440	-13.1659408410728442	-1.9653417611211534
5.1194122572606116	-5.4940374097348741	2.8408387707049556
1.2565606597511827	-12.5435239545664157	0.3076352452450865
-4.6357924583282868	-5.2995816418787669	-2.0264317257816322
10.0721305365061635	-3.2570218813919931	-6.2209977261206060
2.2798824651258744	-13.5464459000179254	-1.1446348218733029
2.2409945749639140	1.6917177724926318	6.1622896653159760
5.0945902644893399	-0.2016421129093708	-2.3473209986571200
3.9161137860746416	2.3495212112006967	-4.0800310073534449
2.1932044667784902	-1.0709460379268427	5.0183218179857869
5.1787779168637718	-18.4202152616758816	-11.3716620496246463
-9.0342181578143723	-7.5169893407021640	-19.2550660377468859
4.5461502848693387	-8.6575983194816182	-3.0150340572027052
0.9863373481053873	-5.4537116513470201	0.3373001342359777
-7.3689806268936326	-9.0236084150509992	-0.3945089666068423
3.1016410901866704	-18.6257864704754077	8.3011620866164932
-15.9364746393594707	-4.5234208811970555	24.9720486703126596
-15.3386230644051604	-22.5818904973472101	11.8302550765083989
8.1861355321111660	-5.6051117407621538	-11.1200042055298915
2.2377247048394784	-1.9013970087312120	4.9346246179740332
-5.7810445372495680	2.2046964202258921	-0.1136441608025852
8.8286383543087101	-3.6198272515987107	-3.0947442558560549
-4.0281618173179297	0.7362939465675150	4.6897324950485517
1.2231854826053339	-5.3194997939138942	1.1078998655477190
5.2997041514913192	1.8679848891141406	-2.5677167130809040
3.0683985812215910	-4.1324585238725255	2.8970854637450021
5.3992667469314419	-10.1685549540004132	-3.7003830560741808
-4.6112154798292950	-8.9450869622150186	0.5698026883625102
-0.1199387733542156	-4.4613323316935860	-6.1002667462929692
4.8840868928326149	0.2701359592853224	4.2414373799139549
-1.1363985463926480	-3.4706652474557877	-3.6874961428324258
-2.3716649373805816	-6.8774958289037285	-1.2755292968766883
20.5779639181779537	-4.2500925055784542	-7.0461904308003378
-15.2350377302893545	-1.9361708845583214	-7.9456977278884278
-11.6804739388156893	-2.1683751695257154	-9.1788097893437488
-13.7805848197276557	-8.2120652913823324	6.7560361441728496
0.4181679098190855	-6.6314505955804428	14.5106414067894853
5.8938201629899787	3.5062739798240203	-12.3372201950465836
2.6731161045780940	-4.6943044818010851	-14.6390823982401148
-0.5293770023576220	-9.0467336950309800	-0.3696102530517821
8.3884091756062684	4.8869406133406184	-17.3794972419077034
4.1632860397908926	1.1677441239197521	-6.0877976857675700
8.7478696537978777	-3.9918851577220416	-4.3232639820781742
5.4972150070293049	-21.5463779956384762	6.3058249252989151
2.7711848006591322	-5.9037173954005242	-3.2590960145685246
-5.6566837604683355	3.9732764095231610	-6.2179974823566271
-7.5281638906432864	-1.2322670477725199	-3.0185605316589208
14.7903084953371859	-8.1339060339216758	1.1045289591644554
-6.4224038931542271	-7.8417222665332691	5.5631386307418875
-6.2767856936578452	-6.1648945383350817	-2.6037663773259365
-6.6279698813160577	0.5802880403085194	-2.1659617631537640
5.0707799496276289	-0.7931494509445116	0.3905018590800899
-6.5076360756795779	-2.4494529436161243	7.6484624089089221
8.6507219549976817	-11.8646566517647862	-14.7603944371170694
7.3686702831997097	-9.4827826545995322	6.5840949970604354
2.8327451436932858	-15.2864501265333832	5.0311887409357281
-10.0167678439207357	-0.9772722621136486	7.0507334883628259
-13.5954615321812078	-7.6882265082927264	-7.7322577923758198
4.4716983412817841	-22.3812320858858520	-10.8182458034881339
-9.9170527213785480	4.2445973936996921	-11.9157915745499121
-8.7422983671582628	-4.8091055158190894	-7.3300701677210123
15.9814812634629693	-10.3490648523779232	-5.6066671247846207
2.4129560804714902	-20.3573168028911908	-20.5938495068420551
1.3582018620875200	-5.2747711516528470	1.6986894344879688
-11.8438287137279499	-11.1951773329249118	-0.8750535007434224
9.6275674778499258	-2.5125327378881734	9.9508357367017926
-7.4939156801406011	-3.1594845858956471	-5.6726316436799369
-6.2458664127941441	-11.1755318917451429	-2.6598449357948106
-2.9447266201363518	-4.2124032683382957	-7.5483855492187120
-0.8774411325447740	-5.8268574921670977	5.0099756560124735
-6.3425769081878913	-8.5500459683790933	2.8004477542305071
-4.3396049921822417	-14.1081880439702694	-2.3436209421394185
-15.9707847098844127	2.0308906675769784	-11.1718969007363427
-9.2999794231602326	-4.2161588834173029	-13.8532032256237070
2.2568584164434382	-3.8591050279072485	11.0090078855891669
8.5428690361807504	-15.7483997870323957	-13.7618207723161579
7.7724514527532191	-8.3242471970987761	-3.6880292626364417
4.9693747683824565	4.8752992254115988	-7.6765638469950019
-8.7253900604694525	-12.3621409843419077	-2.9068713482843904
-2.4712478020102449	0.9476101262863385	-12.8169069398551922
-3.4382446092177785	-8.3276931749821017	-4.1959825274029230
-4.0885981774668112	-10.8198815117303617	-2.6301128500031097
-2.8860466007884904	-6.5789039283016955	-0.8421541334488087
0.3473233610428566	0.1392953377851137	-15.2023673699969954
1.4855805336616965	-5.2743868200877762	8.4141787655024789
3.0913774886232859	-14.5549373187454645	17.5098937056621082
9.4908532705840507	-1.2932731501752333	-4.3476002319257452
-7.3120023019748128	0.0112568521462333	-4.5814608797178513
-19.4810087584991294	-33.9671831517262177	-8.1843976090103112
-17.7475853235822250	4.2232965697249023	-13.9044313768561132
9.5419455326116456	-8.1501371223879477	5.5881429638701450
14.1276460190554580	-9.1032385186383387	-13.7087807384057410
-5.0012686576708312	-2.6362403405521233	3.7850707942142092
16.6409357404976319	1.5166327723938675	14.1929697797982897
14.6477961572097310	-4.7785956923541555	-14.9701373280691374
-3.2316746526081657	-2.9428317632880812	2.6652598015560409
-11.0872294689998956	5.2925701336002628	-22.1899187122613455
-5.0756320024077271	-5.3845446102853982	-2.7701529907479094
-2.0521602311041147	1.9868750732908642	4.2807054539694223
13.3268087332582130	-15.3911108048541987	-9.8795941913879410
6.4450596574586774	3.8927051545665132	-7.1836200752839323
-0.5461358494483579	-4.9206614262633686	4.4340105446930203
6.2159188736688762	-4.3911737386377272	-16.6484895071489731
4.5618488249701725	5.4061465007585774	-6.3569129446984221
2.2982724538165522	-5.4094092185488414	-20.1321125688166767
-18.9363380327734205	-8.4023702399251512	2.6741775839464439
7.8040946683971946	4.7521078137425681	9.1401864958453665
7.6274310585418643	-2.4660576124631421	0.3581573069062032
-7.9165508996053289	-12.8944958929730173	5.5388719610793213
2.7524787755205127	-3.3889944711991746	3.0423465605811897
2.5715842417006356	-6.2223698122389646	-0.9251004639253178
-4.9287766402225310	-9.9462201347497956	-0.1491411979869341
-8.1634401201163360	4.6164442284516465	-0.2243156457934168
-9.0932619391792251	0.7542375415692317	-0.0195867517446721
-6.5258436033912997	-1.5506496193285246	1.2003731061447835
-15.6159009811711442	-8.6350459540076603	9.9940023099210968
7.6559316130532951	2.7569391763199924	-7.0210344926073969
5.0165564871683825	-3.1757427680493335	-2.8248269462535691
-1.9197134108635419	-2.7237634668044786	7.4117290224232377
-13.1592045051220463	-10.3719966855140129	10.6570245230127441
10.0579073042094524	-11.5339406573989400	-6.6676272657035600
5.2766346514144198	-0.9803468007398346	2.3927155356677581
-4.9170624771993570	4.9639136294702828	1.4366028883727304
5.9240458387232238	-1.7003040561914369	-2.0082382601133832
-5.8383524140281526	-4.1946048698896270	-0.6689181557433492
-7.7652259777053736	-7.9102657581621285	-0.3368999153215047
14.1025695437306968	-8.2841641610086736	-16.4385219403532510
7.6182140556105722	4.2791354655465685	-8.8248189691248591
-2.3349832406278996	-22.0170132128042475	8.2704204941108532
4.6816070454577181	1.7765638489050535	-3.3056813246018844
1.2011583458034480	-0.1913384691454538	5.9359165706161665
-8.0590498776371753	-3.4742788494883206	-4.4697483606442754
0.7536835553282466	5.2101787717915959	2.3535820212920902
8.8447137114210665	-2.7762587420892433	-2.7342319348024842
-6.4531071529519579	-6.5062450620082721	5.7799518958786766
1.2008243119040687	-4.1536543930927561	-4.2685237372965430
10.1700548659945103	-4.1154249759384580	-1.3456755144907375
-7.0143968829189056	-34.9448922204930312	16.9751256751949100
2.6133174841093116	-6.2101890332986809	-0.0029721267358410
-2.4970059494965198	-12.5496485042540211	-18.9819544099128201
-4.6488040102303998	-2.6934289474695126	-1.2138662407716092
11.5050023014083109	-7.5155415909710968	0.5014749685130854
4.1497902958400630	-2.8639383035231201	9.8339575856589398
-0.4859580625729956	-3.0102098966386737	5.8994817530291455
-4.7268642385772885	2.6083561508363653	-2.2899544156135940
-0.4975253049426595	5.2530711713865754	-2.9250013759178133
-15.3278686881546751	-8.0551587800973827	3.5984515840909919
-6.8289696876337214	-1.9634819163106543	11.2346800385511649
2.9378390994225847	-2.4784268779641252	-3.6287380623180718
-11.1038149758691738	-4.8514988370651277	-0.9741298146795384
17.4001189254940734	-24.5120601355832832	20.3852177794423923
8.1928445274437038	-9.0598095572615485	2.0639933600316831
-6.5310770903433664	-1.6851939538744625	-6.5720719237204808
6.2617438778065466	-5.8378766675161913	-0.7911089315721740
12.5442050283768474	-33.0499762499707046	29.1249027686508661
-11.0495747181557835	-13.6581156565608488	2.9064895126911150
-3.5986505522742518	-4.5867660756360600	11.1404262267482412
-14.8224390182751371	-2.1580496331719741	3.1495170102382994
4.5769061204492720	-2.5612738511173840	6.6920804027306415
-8.0226856582231392	-4.7181138345454077	6.4877373565258711
-7.8401717981225882	-7.0369260143376264	1.7986971131376563
-9.9533411886416658	-8.1674773526409794	4.8437294418519796
-8.9736777025686809	-5.9255438954143456	-2.3836902626919230
-0.0361421987414408	-10.8854744456558183	-13.6618067731746837
2.9523398343807519	4.7060924740966525	-5.4116906493673902
4.7711588739233362	-7.3175852743713001	-2.4326063038077037
4.9588795453263925	-10.1845232009666322	-0.7826592437472948
-7.4818771964001067	0.0208675407975550	-1.0470117762923608
-0.4335294927619032	-1.4579557569064561	6.7244523805657019
-8.7911121388915543	-9.9102329000246936	-5.1961981847138121
-1.4271658356635681	-6.1667258567808956	-0.9904304488579287
13.6089211948192723	-13.9965590081117419	-22.3062163425382529
6.9304392830273018	-0.9971657350034800	2.3773775470512315
-1.8365619437018073	-6.5781503782773258	-0.7579725985996631
-12.6719475365939971	-2.1448400091930173	-14.5786795005471106
8.8726599087087603	-1.7614873195663696	-4.8598012288083501
2.6849438759711108	-11.9240702424596776	-8.8760737679767647
-10.6524563915589034	3.8966711325150030	-14.2069949573447545
4.7057116455968391	-7.4363680724017831	11.8354802214022428
2.5675907273848875	-11.7695000035314692	-3.0020486597747089
-2.8283862426818596	7.5743519638504644	-11.8965911962756081
0.1420451616176421	-3.6344738540691637	7.5977451921520602
-6.4625274231214531	0.5093952475429451	-4.4860645342439085
1.7081172470639729	-5.2473243112653645	2.0653152933220005
2.5276245964297370	5.4381822650421769	-5.8259321499969463
0.6631055243244435	-5.4844782355229773	-0.7141359084768253
0.0808033355914124	1.7032542946154676	-8.0680872165327866
-3.1700928761087113	-12.1292047544117150	-0.2228321478804736
8.7076468897293680	-12.2431818259774143	-10.5209221335693677
10.2770036391888162	-26.4117533650497691	19.1631794212614111
-5.2835891284530687	-19.1195434363801873	-22.0175224977804440
-0.9313633741809628	-16.0585871610363284	-14.8774413285720986
10.2082855631043099	-38.7411907837993468	9.6839604538183650
-8.7068774689780319	-1.5998124641009648	-17.2776725827840956
5.4903165540079062	6.1163627786228387	-8.0053300805325254
-1.0145613627630155	3.3668103348006158	-8.3527317169735174
1.6470075334829144	-2.7340542790817808	4.4996849336384450
-4.9811128008360255	-7.1774990158887935	-2.2973774605016519
-5.5277230500554371	-7.7939609059947079	-2.7749677681695943
4.7492381327992774	-2.8585796245494985	1.3358959808739648
-5.6724193985130471	-26.7189583806642688	-12.3953557179328531
4.1164707031353966	-3.7041053319653803	-5.2638556175462776
3.4177330688543304	-5.2112213467642983	-1.9505012063701719
2.3580731234500250	-6.5724713699644637	0.5490872973174442
-0.3940127307339942	-7.3390734246214473	-5.5401567409601808
8.0479887089223539	-2.8255884055728049	-9.0043400906272915
-5.7225169199133248	-6.7209883362902234	-4.9082431055978297
6.2222600579658351	-1.3897865937660738	-0.9656382932258054
6.6167778468351797	-16.8677749894771409	-12.0511737430908248
-3.4089992303078258	-22.3316363472518731	-34.4117368014267271
3.5955150070124184	3.1384652914178233	-3.2870490957963256
3.9350202561486154	3.0085036252134638	-3.7118954032831812
4.9932118752541692	-10.5026200556636837	3.8083407615446951
-14.4184943355515305	-6.2498390872586693	-15.8790170743766215
-4.3828763951902907	-4.5540539620008369	2.7314193332526817
-20.7455969371617250	-1.8326375469845815	16.3328814527768884
-7.1836762340164420	3.6385766907861314	-6.5264895767216702
-5.4814664752639066	-13.0859260303800298	-6.4031917042139330
8.4406297297495136	-1.9782176364894379	4.9769043639311592
2.9296812913951809	-5.0304822787694725	11.0995091995264854
3.3627639991513116	-5.2228819101331085	-2.6054901558764083
-2.9201551464865276	-6.5280726434271035	4.5996559589840951
-8.7155324503605538	-6.8692429991702451	-4.8445629060603457
5.1973266250200352	-19.9776693793037374	-21.6050496609668805
-7.0701601693815466	-19.1136587991822395	-12.8038902126022229
-9.8157365933517866	-25.4219459443110445	4.0016252947067414
4.1687771288026756	-7.7288486129310678	-33.4803965658498512
-12.1892289145685062	2.2625719989586273	-4.0355446186293120
-3.0803703179787223	-5.0839540909298595	5.8264382353437458
-5.1536907545961315	-0.7884076652844469	-2.8020602458932706
14.3798103186221429	-8.6943414793992311	-13.0008025159371972
3.1690819944726738	-1.6577755266816521	-7.4804764521692766
3.2111665127570346	-5.1195491878623258	-8.4598327798067867
2.1679364066627751	-4.5138007953484518	5.1676749892219913
-0.1494209699193181	-7.7699050528344129	-9.1069467766903429
-3.4169772359103106	-14.4007360714879287	6.1345031913139021
-3.9839486262879267	-5.7661228188307128	-1.4954186293188780
-5.0265878531846218	-8.9982417981864415	-2.6959771083314239
2.9494706554245078	-8.8300492895758822	-2.0836597667909169
-7.7053119230049116	-3.7581126830062868	0.4214949970931613
-1.4224592761478141	3.7996179171575220	-13.6682622193746699
6.3837753976825109	-3.7437820889018876	2.6751495721712328
-0.1973484500664524	-4.9398664276719728	-1.3886570237350033
4.2377708804687559	-3.7210574697161318	-5.4094410115264129
-10.5423226112510164	-14.0617581423988156	-25.8392365605327825
-2.3003047683821576	2.7058083700412574	-4.4206099073537839
-9.5186092441341668	-7.5351360362088204	-1.5894405855689429
-9.9547870280565238	-7.3505762267512171	4.3978921399618693
12.9857397004741859	-15.5940029990661539	-7.1687690299926237
-5.6590222462083455	2.4911352476019242	1.6595198449803921
-0.6027449800843638	-4.9198252366022643	1.7258717335554046
-5.5226766219074328	-43.5124828246417152	1.4301848522869109
-6.3175227863832140	-4.1091562767804168	-2.6586113725194882
-5.0180162383601408	6.2529218528876260	-23.2414262688561060
-3.8613190262798223	-9.5293186999091422	-0.8348933386359962
4.8871521126344764	-10.4565424060444698	0.8948735405989504
-0.5430247601787136	-17.5161195113135086	-3.3435384265190913
1.7735111522159206	-7.4926484574283476	9.6604363453826299
-0.0654549890276610	-13.7821521228431596	-15.8978587415483954
-2.3020908785375780	-5.2111681677279549	3.0259934425953809
-13.3311993747453101	-1.7671705414673788	-6.6111135865689592
3.8916041898664138	-4.6648497541916809	-2.3259681685577731
-1.6051876611136131	-24.4701409674327302	0.8971044330256502
0.9671475165886928	-6.3658567864734055	1.1576661173481928
-8.4550317929023890	2.7722436149834708	-14.2120150174323694
8.1640120875787456	-6.4378196632132543	-9.8000578272599146
13.9300579750134190	-8.6786934827490931	-2.3822348018359762
-7.7340809571494127	-20.2275500319505994	-13.2058997887932836
-11.3358482988106690	-0.3415151206972105	-9.3797366391581356
-7.5467114069938290	-4.2596654487978514	-3.5472165659436561
-13.6009165015034394	-19.2214897117767549	-19.3179828585268041
-7.0689875523237777	-7.2568415124111461	-7.1309774025869350
7.1891766583588916	-6.0971073302989094	0.1763883706139728
11.4049421072304362	-12.2319648234661162	-29.0676461415592264
-8.4265238098447011	-21.4704223954668905	-7.1643266423530507
-1.3980207763708670	-3.0946271158835401	-8.3870499218382015
-10.1028212931768593	-2.8018815826338557	-6.2220191010394519
6.0314038881017229	-10.5036557532447663	-0.3235417705032036
-7.4578764652933680	-0.4675458455343519	-0.2544928195479313
3.7695185691789015	-8.2356380086545453	-12.0938644034201452
-0.0254252217936285	-5.0060103990485976	-0.3006806575830904
3.9729298225867313	-0.1544043418416134	4.4125206524727441
-4.4275276014514304	2.6101894080138188	4.1680028108303837
7.8229396436516412	-7.2976616185123691	-1.0035465865475353
-1.9299984112599979	7.3376069353054145	-22.7259434227519712
5.4651136619019320	-12.5066421517423318	-6.1532128901976151
5.8561038545758501	-6.7141232885713915	30.7537149764918247
6.0563551453334314	-5.7845077368628672	-5.6197161635845392
2.4631292236181985	-8.2380822468039874	-4.3508008152428825
-7.4550340180178640	-8.6011593701592055	-23.2242468012166157
0.9856371225027610	-33.6229984581541217	-16.5735149513387334
4.2910399138695805	-10.1244931073219497	-7.5397238240074795
5.8839876741060086	-7.2863134056576007	8.0885638871958090
3.8768677802396549	-4.5066130654601402	1.4816047657240756
-6.2331191145100364	-1.4141825327602913	-5.8880530217497480
4.9479665125952197	6.6770492441070886	-9.2779793970037456
-11.4891783324989838	5.5326355578666586	-1.0912741615220518
-1.7511300853903207	-8.4963387118035119	-1.6585123841684395
-3.5369732678838366	4.8321983765885941	-6.2760175537042242
-10.5056092675748403	4.4102100127191903	-16.5279887673184902
0.6089110076969229	-3.3080627619712648	-5.0116609235654117
-10.7753052309464916	8.3488356696400743	-1.6249166281388359
-5.9600761600146628	8.2915022361959263	-13.4929109418241513
-5.5261601428982843	-0.3099638384865910	-3.5634681241341912
-1.2255225552975291	-14.1186152892304246	1.1734688928887800
5.0526548974546639	0.0147363173685852	-4.0022105109503130
1.2821815917362516	-17.3860055488748344	-8.8956129641756565
-3.1902160447902355	-4.1179976014147623	-5.3498104178792021
-6.7146710649747066	1.9576746696048986	-4.8178061318201699
4.8479309615116204	-5.2018875924079726	0.1074386493361977
10.2050992599898080	-1.9370582576859690	-8.7515384417535724
2.2896096542797997	-6.0685923316570181	0.1060366213989522
4.4655265632709424	-6.7194476025275280	-1.3863998733973599
5.2292475186230281	5.7199549814496038	-25.7884670002049603
10.7117037131911115	-8.6151704510936806	0.9982370772481554
-6.2782054013439899	-17.0765857961790424	0.1571919270770792
4.9604198797312735	-8.3964258068981117	-10.1136827547333787
1.5918054893210343	-8.1455668210290337	1.0845886544048300
-11.2848842470133341	-1.6479224711550755	-2.6248157311178248
-6.4770306824960695	-4.8523724987135664	15.1220412849789589
-1.1476049759654088	-5.0987742159516198	3.3672708637223905
-3.0921211526774033	3.6179634873672484	-3.3637575980088297
-0.6434150867820436	-2.9974355856896313	5.5571715040125529
-1.1272459648272317	-8.7848223758910500	-1.7034264024447840
-1.4036922258863214	-2.0684367637297765	-7.7547299105357652
17.9554365793622033	-32.3079315834135699	8.3540093288345201
-8.7937958024978720	0.0566093485485533	-5.7116093438707143
-7.0990134658234227	-4.9680659486854388	-1.1523827284105466
14.0690955396959012	-10.0064024063528727	-18.8147761759803380
16.7051186986013427	-2.9876421464054403	14.1891301722626348
2.0451565873500548	2.2950047713198534	-4.1301325886641314
-2.4266477514345555	-11.8339599846735677	9.0580135846806549
-4.0893213233468568	-8.8806695875953281	1.5896885167811132
-2.4460068316178134	-5.4825260452419151	-0.8779629941129927
2.7495107316261902	-20.9144839408756908	-17.3327435198237474
27.8332230794544202	-26.1517143266932344	-19.4678528248909473
-2.5121080263196025	5.1082313228619665	6.1837929820953246
-5.6651996362750756	0.0313052738939318	-3.6094149985856085
7.9411339770418534	-4.5462769433777206	-0.1772692704850610
0.4275439626224147	-3.3979460645784352	4.0355277749146072
-9.1377420994744778	-6.3029793373070904	8.2227807531990678
0.1599840879586161	5.6760644894421199	-5.3105505866559870
-2.2047545262437098	-7.3456051123922075	4.0666216680148457
5.2400602184176845	-22.2349502335294673	-13.0906443912329014
-7.1695009572594675	3.7825214078625922	-15.5315944230477907
-2.5491120094003614	-2.8178117176162276	-4.7078567901483481
-14.8285827880090757	-20.7498799000167757	-5.0252543375034664
-9.0413879478819901	-17.8633447334461160	2.2836616438092667
8.8713590173305086	-0.1149045709912406	2.6265717619343576
1.5440621376986532	-7.7841948250484494	3.6403580905835895
-4.2468776849760124	-9.1686777530728278	-36.1046525780391221
10.0890277888423210	-5.9905411457976063	-6.3737923626245729
-5.3902602412791634	-19.8452137925129399	-23.2225958846479195
22.2005897269303460	-3.9790244676914552	-11.8873286798087303
5.8144755518123334	1.9162294726365958	0.2004761316243045
-6.4221777985886215	-0.9665515194987682	-2.5924981827058482
-1.2575919893196243	-4.2050483169993429	3.2897086674736369
5.6155828088393731	-2.8572209347171946	-1.6086851609032469
4.5674866361964037	-9.0574726722576262	8.8647692020046538
8.0566867722251363	5.7073173384128086	14.5165686561756075
-7.5119271049191054	-10.3064237600121782	12.0685678361686310
-1.1151885175817449	6.2255870554018360	7.7143442290763202
27.2137159048024202	-40.2707851397620900	0.7466869316690112
13.7657515648917173	-10.3716655675001288	7.1430492674156820
7.6839403132865147	-11.4324682089426144	2.3660409025436060
6.0858520709642931	-2.5136754983040999	-1.1720058197369283
1.1770638900708248	2.7275312453178819	-4.5727531834902209
-2.1208325465447659	-8.6806511776469364	-2.1427922776937773
0.8675301646492041	-13.0955475151979179	-1.6851305316720897
-6.3187939857866731	-13.6031415829975515	-11.5561918205153322
7.1986057805628647	5.3739302631725883	-11.3506963329965505
3.8716307524785099	-9.2590044561867746	-19.0579794943509455
6.2028103786745037	-1.8879507663135009	8.3799767773493770
14.0405437004751565	-2.4106384626400250	-13.8312085466988286
9.0466579465200709	-0.3841008381766843	-0.0716497340706717
-11.4814077898585793	-3.1256389997583418	-27.3531072637071446
9.0362702892928670	-2.3734640940462994	-4.7436104695067636
-3.1951495286157212	-5.4595094979531584	3.7873719195133977
3.0622736285443666	-5.8384608952322399	-0.5515146576259099
-5.6275469090528896	-10.2796908166161600	14.3556449458965378
-7.2462026761971750	-3.8232320505796937	2.5463040481550778
2.1912095540492045	6.0488169713644853	3.0987718761979619
9.3527449386546202	-4.1502035949729938	-4.7473881387615187
-0.0344203444810917	8.9050411541603616	-19.3965207471983589
-3.2788391339078582	-5.8435124402886167	6.0114091674237571
1.3759114893868662	2.4191178592316862	-10.8567587749947165
3.0699997136179813	7.5123661235711339	-9.8588482945994969
3.7307955275609004	-4.4590123897948271	0.5123111746098152
-8.7530030240194581	-6.0397902743003682	1.2629447534516292
25.4000430165950668	-19.8972772058550582	-19.8853640080918836
2.3639433955024916	0.0415538884203148	-5.1231026089409868
-2.3484610944461681	-1.8883139790293750	20.5898946126543265
-12.7642984377854649	2.6235650368280226	18.9548699136262861
-5.5579457828570700	2.5027840319801991	-1.0229752182559653
-0.6329533500234972	-2.1460998471824788	4.9043268329761842
2.9298280473773062	-7.2204254311504039	-0.1864340107437124
2.8352491889779889	-10.1194765773621285	-2.4905256459035416
-3.9033388818051611	-10.3562354476327112	-3.3029177298530628
-1.3852138744136688	-6.5899043791683969	-13.0427622427093031
0.3954444550727906	-6.3577732485615677	-9.5237817532036040
0.5051088611170805	0.0006338459569395	5.2794358844811109
-3.9952213935460983	-2.2150428620653990	-5.8206329063707090
6.2149518817980107	6.5929744703460802	-10.6243359889262408
3.8794920235948851	-22.2491648581154067	4.4871867019325613
-7.1884098676792840	-0.0886089401269410	2.1629335010149853
-8.5607534705776356	-1.2769298532397968	-4.8238688684554081
-14.1599836822097611	-8.3843569486023455	-16.7861747467004179
6.2394539145188341	-1.6882602633426522	-2.5305330008417326
-7.2759529933741796	-3.6468947504656080	-2.2878845776307588
-8.8310250860923976	5.1816833936410394	-14.6117253597139953
-6.3397993513923137	0.2740393311303599	-10.7720608790051369
9.1288408795034481	-7.3219584858708915	-6.4044989938559977
1.0796673706415285	6.0540363664899184	-6.4248859093467345
3.4261121925238758	-6.4585871738975333	-17.4778080401066731
5.7396233448014735	-5.6559817518492146	-1.8860315541970110
7.2111593337849733	0.2705380875046096	4.4631086996345788
2.2083288062961337	-8.4433748748432400	-3.0108221871528200
-4.3205411064868704	-8.6209283495003177	-5.3850560343380343
5.6115762744600479	-3.9303542590743161	3.2837240906283007
-5.3535253878782978	-1.6549805452796487	-12.8822461691201102
-2.0000372796824770	-39.2407803858469322	19.1152914200684165
13.0858798924204844	-3.3882095686293110	1.6940681136882634
2.4967029477054941	-4.3781650019724285	7.8492236681931056
-5.7473422680904607	-0.3367126988103987	-2.1801511404197087
11.9178194561698341	3.8849394180425971	-19.0344808325372234
-1.1346594072739946	-3.7909664351881234	5.8688492772129113
-2.5112970548532414	-4.1841413797448501	15.0330019711921299
-5.0115000514292394	-1.1765291571028564	-0.7743037423134194
0.9017991685776192	-13.6063458607871084	-3.2205395855650143
8.4897019735409582	-14.1767440813377554	-1.3663381246864479
8.2922203633306442	7.5838326393528925	-5.2748572655443198
-2.0866030504854374	-11.5002443031169186	-4.1233700668434921
-2.9270741728246352	-4.8164577365832937	4.1633276656455696
4.7896292967263943	-2.6532106773602204	4.0940542493693641
-2.0462115903316351	0.3678040385517158	-6.7344148283945957
-12.1564316810463779	0.2660629316307414	-15.4330614022410675
2.3487756886689231	-11.9835115778119974	-1.2169930931358834
-8.3348746596891399	-1.4507675170601360	-4.4103211770285888
-6.0092792218629638	-42.8163573287244432	5.2164237262763784
-8.8051830662349388	0.4696315434334679	-3.9861403840284493
-0.9766396379945452	1.5316708649490445	11.4881967990688594
-1.7054058019635712	-10.3822622062348540	7.8123207651457456
4.2760598119758138	-17.0718726142651391	-10.0707908314532393
-3.9501457013446437	-3.4862547319478390	-0.7629123187974476
6.5041972562044119	3.3757212811088309	2.4040393319680629
-0.5401834973401828	-4.0777308811910338	5.1352033635805965
4.4143600814788932	-8.4401381182470008	0.5187834520122490
9.0432883880910548	-3.2922939437598315	8.2304014057414498
3.5837605258449412	1.5816342058907948	-3.6640285946479070
7.1197557606676369	1.7446280271498371	-2.0661756828346896
3.7778402193145388	-1.3453649233865275	8.0635757474211047
-6.7578976727578413	-1.8070357408216051	-4.6130522582568210
-4.0184406928013106	2.2336975959685637	2.5549918500775282
6.4962907831420624	-0.9112395599855497	-3.0104511953601163
9.4724697617753204	-8.4041725309271342	1.6000633529433106
-13.5833739406439893	-1.7355536421853657	-13.0984164947081698
1.4269675917227826	-1.1880306464457395	9.8560556646118744
-12.8502094935609872	-1.5571713387735249	-9.9541238453668530
3.7095839613221080	-2.7845761329191610	4.7843485367934235
6.8800814258617127	-2.1200207596730523	-2.9573539496099399
19.1463490208042515	17.3503139350429585	-5.2759606786906268
-6.5965638184359179	-5.4252284272822067	-34.0404151400369699
7.7229001957942751	-1.8575550005311574	10.0435873667450100
2.7466194371498776	-0.8511911455469666	5.2778886896434161
-1.6855859850144699	-20.6231889504025681	-10.1951135004081159
-3.6084342889355878	-6.6538676752959667	-3.1657708424622246
3.3117205511602528	-23.8880165743035562	-0.0460477124009193
10.1566227941136180	-35.5781369512785872	1.4481461010068311
8.7678841208493470	5.7684101512243640	-20.7762469756903485
16.0355550553506028	-18.5997517600367317	-2.9340252777888400
9.7506079502301812	-21.5038545595511046	-2.5003291733768811
8.5539021256207235	6.0343284240082289	9.1816618652135933
5.0212525152286585	-3.1381044767229547	5.4932276694112963
-7.3925993119016846	-13.1829720980807359	-9.7555736020166428
-2.5301105867618161	-4.8197877204595896	0.6316165177843654
14.3991322516134161	5.1328582869923940	8.5566141249317358
-0.3368794951107101	-10.5125708904052608	1.2310663577410517
-4.1023216673252314	1.1091136201331324	2.9552890213325171
6.1043313012063809	4.4354873649543469	-7.9961662467012644
12.4068827417687206	1.2533112869927781	5.0958753302356277
-0.0329383372813567	-15.4842297088724337	-30.3351578722476454
-3.1246381032477015	-2.5045384350695032	-3.3792683514734185
14.2037389746556535	-7.6617357041698000	16.3866090629581969
-3.2876160597228403	-5.0189161489681879	7.8890605677195564
-2.8186741387908887	-18.1275018648430297	-22.2716516792329458
5.7588134395605008	1.9654359186340793	-3.6534490019294577
-1.3667388122048771	-7.0386217866202809	-1.0852815598431733
2.8159608910749108	1.4649543996209589	-5.4495486360091858
13.2786737861135986	-1.2778478978084264	6.4542106011406029
1.2952956565961431	-6.7021987423687763	-2.5577071554709971
-13.8351743535689184	-5.1126150317206243	-4.1715956932971734
-6.9497740799772982	-3.4842666177911021	3.6437148484473800
-13.0154673933748093	7.1631059489985258	-3.3934627742202119
14.0387218783516676	-4.0267947569287204	-15.9691247374408221
2.0802127413460241	-1.7808815155486293	5.5089852789442588
-0.3072121172309695	-17.5132177678492056	-5.6465593295877765
-0.4633855587652177	-2.9773604069195398	4.1318055756009828
-7.4084965647990986	-30.5588995636103462	-5.8808350848979876
-4.7154465246371711	-2.5398459383020771	7.7050985314555067
5.7539492448420200	-18.8541925465405917	-27.1579443786486578
8.6408585143788645	-5.2117764592378606	-0.0954009375388056
-10.0147721349287000	-7.0157715198390145	6.3791642108636832
7.8407298136933177	-3.1093780166176441	-3.7610928478809220
10.5459098037885610	-6.1451640875517777	-6.1821029354821695
7.5273619146029889	-4.4517199021704990	-2.7649003114199462
-9.9558097588344321	-8.6867284888383676	-7.7283501452977497
0.8360942132395639	-15.8020850648926956	-6.1784663948662475
-6.1362419787448852	7.6722291073908089	-16.6024984626320240
1.6962355370111886	-12.7733599843780929	4.2381423114024930
-5.9518650462115952	-10.2140006867536943	1.4875911322224040
-25.1634352420635317	0.9878601448580816	7.6169648393018079
14.6680857401559344	-3.2475566568298682	-23.0950873823811271
1.5335972872144699	-3.9204271135024458	-3.8117445048111707
6.4657958579939203	-2.1752308310053445	5.7188823477697577
12.5068907247871515	-13.7492004337340550	8.3155269152173847
4.5303798717372663	-0.6018356718066501	-4.6678830803504452
-13.9161274868433900	-7.9476992810649874	-10.6922160993516808
-0.8616289688994443	-21.7702174760893747	-3.5964248020394791
5.2125291570494987	-4.1734629214050889	0.7319435158748990
-1.1638931246480806	8.2070575073689298	-14.0667664894554143
-11.2106165515569955	-7.6323268298285409	-6.7405265612775178
-5.7844348801395329	-18.1708524659509294	-10.4734218901739027
5.4016738977613112	-5.8600523183297266	0.5644244703607362
-9.5011580823492388	-2.2617118584507963	-5.9956625390266476
5.9598994376001029	4.9278231574110558	-7.3125981094302483
-6.2440842806073720	-1.6850457400200873	1.6152983412668120
5.1652587934252070	-6.6301373708341913	-7.1336190413904248
-5.3536129096709715	-13.2694121724659713	-0.6948687104868100
1.6048531457478503	6.5231015048449619	-8.9448809864462415
-3.2878479506213787	-3.9730743537257416	3.4395810543284289
-0.8776600211481856	-19.0910041761090525	-10.0886673687963757
-3.0772620710995220	3.4025069838667252	-3.2537128218723672
-7.3555142813904020	-6.4115747479934875	5.5168926584717752
-4.6130547640128201	-4.1451367879578083	-1.6364129273703867
4.5936794687783662	-4.6362460148830591	-1.6075194838631133
8.4010174485852520	-12.7485396265364699	-5.1041555151477782
-7.4083246118038026	-4.1097052603834188	0.3672020946150844
-6.8249909494868959	0.9592663319634800	2.0596200076169908
-9.5600460194606161	-7.0781299012590688	-5.8160002558608452
-10.5752686475905300	-1.1657237117803316	-2.8252473779901286
-6.8981175502354093	-17.0214042389333713	-26.5835766404651039
2.2933912377492245	3.9126400444124925	-6.8819380539451993
-1.1373500984723508	-1.9864857336133546	-8.6029836300090761
5.8908241782686455	9.8533091404282018	7.9253035529886837
-17.7388920933531544	-33.8184728088000597	-2.5726903092442068
10.0133317073971000	-14.8231729581058964	-11.7724053445214043
-8.0614155753184509	-4.9577328062410251	-4.0363818759397496
4.1446440621384770	-13.5242110897434031	-5.6729594672605854
-10.5248217883023703	-1.3474419050747704	1.1804204681397521
-5.1329496513430222	-5.2177207299275912	0.3100574837073723
-13.7492014699304441	-6.3199554626410563	0.8734821324481787
10.4214111116149830	-0.3376640946709406	-9.1959947725066709
12.4594243192673311	1.0687409583204843	0.9493215127646802
4.3915847752307151	4.1435476120949772	-5.6595558525798557
1.9451680128988422	4.1473101123611302	-3.5933643513322191
-2.0917113712737851	-13.6067749254490220	-4.8023912822490686
-8.6599670294556148	-4.2909379183353940	-5.5347832507276546
0.2832926124542029	5.0519601811070247	-4.4023462947751124
-8.9755221980567246	3.1727083974274590	-7.6686113870695545
6.0554954825159255	-17.1993894106198191	2.7407249943707592
-0.1898765344083867	6.5088721056070042	-9.7782987888762740
-5.1485038610639791	-1.2124188573270949	-1.8871290687267746
-0.3189399702994568	5.1946398286011526	-4.9813717999115026
2.0892567392847541	-9.8894785708635649	2.9723458203849571
0.4473739611772002	-14.3744053023279381	10.5983584814547545
6.1351783073358126	-0.6890060653429958	7.3356101691660207
3.4895432992548217	-10.1258334609613989	6.2551633772290565
-2.4680543483692174	-7.9043410940074255	4.5759085769933527
5.8637471670384365	1.5190541757117586	-1.9643012508596505
-6.0181881904776429	-11.5719207993897744	7.3453077478754674
-1.7991361034212137	6.1999386570656325	-7.0772068872411342
7.8914454019204427	-5.6730986064760485	-11.9865624119666183
8.0431743006160126	-13.8258620304664959	-7.9718261305546960
-0.4987212318043489	-6.8785379785006668	-0.5679433966272484
-6.0148421996299080	-5.1936825407280418	-1.9152912571408158
-7.0909912318050905	-14.6246573367409631	-9.0759413944375886
-3.5166236002254272	-3.9754368777034785	2.4990435071791222
-2.0046739937484244	-20.2159176474407118	0.2198166387473273
6.2586835481752212	3.4391636836990145	-5.9557064665734769
-2.0245329008215225	-4.0790193527927103	-4.7576284544079490
0.1159061130880419	-7.4606430627287281	-3.0751748476817142
-7.3222524097789234	1.0630830790570183	-4.1484188003503428
-0.3427034425657111	-4.1205640612368217	4.8818657486471455
-8.0630261578256217	2.0978594427631183	8.1551655211072500
10.1503894125546203	-19.7992364883321805	-20.1947936692746914
-13.4027666577963647	4.5704037335170380	-10.5781832425499172
-1.1099563240477965	-13.9024091689827731	10.1611077707321904
-1.7370146584640656	-9.8585448758747063	4.3928482824880346
-10.7570476987090036	-6.9260739826779112	-8.3025488200133797
23.8925490028287975	4.5965460131191112	16.5853493146615101
-4.0620440705458263	-5.0522839375407544	-11.5802675786795604
8.6562613036019052	1.2923587550908635	-6.7629313624411527
-8.8200478696590778	-4.3626557482383204	0.4911642275725177
-2.9316316788786261	3.3171610554728632	-3.3019138336988072
8.4244461699463677	-4.3143610259928167	16.6163554467081056
0.0228907258495663	-21.3278545972625295	-14.7795051211479009
14.6089934179507761	-3.3736904033787689	-12.1840373810618896
2.5330765677554568	-5.2658255383110300	2.8439121307179707
21.0572615113498287	-1.4888605203602507	13.5852288436999267
2.0147685058723956	-5.7385442084088503	-13.4744121247884205
-2.5521742439750725	-10.5047573176938123	4.4540778953950397
-1.9467241036673850	-6.4013091669685336	7.5773043390502028
1.9525780959166879	-6.4101207363069799	-4.9115963975476502
5.3076691185029423	-16.1101953747727080	-7.4114686171877553
5.2936989763694999	-3.3410555830892621	-1.5320997304720416
7.6427352444906802	-8.8146888200851539	7.4444645776659062
-9.7681915348483095	0.4496580360907248	-7.3650224124902861
-6.8842576551128438	-2.5691826100005839	-31.0895062725668652
8.1710683655509850	-2.9242354351622115	-13.3447394685891574
-4.3942106163583565	-10.9283775830811223	-1.1476493202233460
8.6681125618789725	6.3977527058680668	-19.6662044711378314
-5.8948726533789149	-0.9492472975423037	-1.5370647268280064
10.3406449982543460	-7.7828317790370347	3.7213583847454696
-19.1963449999920783	-8.9657460782670597	11.1383681799775260
-7.2563141679871803	-4.9327662450701037	-4.1494917136287182
-2.4887052837619992	-3.3229616472586700	4.0081536127549908
4.4387465934305084	-2.4885731292335196	0.1464446564443690
-6.6626646967358534	-17.1843773976325593	24.9351538529987984
8.0298682401581534	-7.7754007567975822	-4.1490576424681596
-1.7609470156213058	2.5232908842319746	-6.7736882397295419
-2.8242913245799319	1.3096894629795510	4.4751705672512152
3.7161039737188926	-3.4417329752377230	1.7778707563631886
1.8781714458159193	-4.7065324415679077	17.5551090544792210
-5.5817738117800202	-5.3008635941039017	-2.7302742778467772
7.0244448758836917	2.6138210496445486	-6.0251290484279298
3.1520551070151916	-11.9277354108550995	11.9244024640329371
5.7780613689355143	-8.1086126999927739	-3.2682630814957365
-0.8415179830897862	-23.8628573808770739	-4.9491142102348551
-3.9931211231153485	-7.5185854407337152	1.9042380578083007
-4.6079482274476096	-3.9536450090259887	-0.3744987849489270
