-2.8746726012637436	0.2968631070516660	6.7515920119987669
-7.5921009095145537	-14.2451473583236865	12.2948149402888074
1.3746571504865517	-7.2257416977166073	-8.1261715714150906
3.5033932384800486	1.4056738627514329	3.3351847459104231
-8.2914832579937769	-2.7523076547432606	4.6798349535878607
0.0912291595983069	8.2967996232046275	4.1754559097763231
-0.3129115665900218	-0.1503938675290006	-14.9748136223416068
5.5849907907530607	-16.1811246233980555	-2.8012970781657800
-3.2643781373735901	-3.2136866265701860	-4.4676092845198978
0.0914065444059294	-8.7630096255006737	0.9437690250613374
8.8733318339456027	-5.6816571220660395	-0.9151803181405638
3.1294602803007061	-3.1665361994033581	4.4918480263397145
-8.2625142487882997	-13.1140308967801325	8.8321560253440126
-4.9483772464924858	-2.8590470689013783	0.5597906072672963
-0.4187537648800067	4.4518215310963276	-14.3690940400253524
-1.4716988942671791	-7.2222821351117830	4.0353372391968296
-1.6033080482114093	-5.2531058646805624	-1.4515113970392650
5.3604132005549525	-4.4092528146656820	-2.3058721183062554
15.7311237836631861	-4.2729413591623580	0.1547526516558846
-3.8020539093198593	5.0415599464522174	-10.6040541457761908
-21.0281485265810950	-22.8835919972467181	-7.6125181206037844
-2.5972663154695481	-3.1680562548667806	-6.7809453641718251
5.3537591297312890	1.2167474466950314	-1.3385599660174448
4.8996920116742455	-2.4997029531211514	-1.1882995844329234
5.9667098334406639	-12.6623517206661909	15.3684750729006137
16.4431194555763298	-1.5832387967336110	2.7497742909951723
1.6924247030091768	-0.6948105062407732	8.9065888944419651
-4.2577824638539905	-7.9211221911477310	9.0299869008918616
1.3714613909947102	-5.6772227458061684	1.1446160813585402
-3.8732776408315903	-2.6095742534177293	5.3590107869339390
-13.1332451777148442	-8.1859430504494579	-4.7569615810204038
-9.5019558248051492	-8.9746570940706132	10.7615819115086104
0.6818797472085659	-5.6421348054972116	0.2639559173124476
-14.3462996602949708	-1.0974600415472655	2.3827335614729428
5.8686122952738105	-3.8493444580966831	-7.0937568970223426
-5.3308624878744810	-15.6792851167651968	5.0624307110339917
-9.0660481063779645	-5.9167217018125937	1.4460549387532118
-3.3737114816644440	-2.1518704096754750	12.9623313830960782
-3.9136731485740226	-3.9528145360455986	0.2526045342774118
4.2542449155565825	3.5713783540990942	2.2037642624709348
21.7578604147196870	0.5887897199748561	6.2099454256398028
-1.4797257368138321	-15.5054198909669303	-2.7911232056249311
3.0799586457016135	-5.1089958561856470	0.8909619709759582
-6.9902044798048193	-13.4521744749229288	-1.1192406549512830
-13.3551234771464724	-9.8865101678433103	-0.6499664085424822
-8.3036207684682672	-2.2204502113913329	-4.3643639283723692
-3.2600957689430743	1.3897203236701599	4.2343773296074199
2.5629336712071495	-3.6325877744856383	-6.7345376389935501
-2.8745526727504438	-1.1037069208878252	10.6484205566873413
-0.7509073764663581	-7.5315883870928850	-1.7443555218139897
6.6955224523823240	-4.8947249041513388	-6.4958877474964982
12.9398040573269721	-18.0037556251051249	14.7471287372756308
18.6702377934467130	-28.4464175876171232	-25.9791052678134697
1.8018020488567374	-5.1485135565561251	7.0028548856425790
-11.8548028887207071	-18.3442185609766852	-5.1420620658986875
-6.1799276163033641	-7.9201925124307957	10.3516139822104982
7.9665195665246413	-15.0692982736985694	5.5231076895186808
3.4050543296887863	-3.0558045271919019	2.3917463918668322
4.7608968165897920	-1.1299580825549014	2.3403232290301492
-0.1385680186936218	-9.3612598348754634	-6.2196477628021238
0.4295171798322669	-9.7169484429882313	-8.7449857139477167
-30.0050414754099180	-3.2943049322712494	19.6938925764220620
2.5656315603515067	-2.1075301409243785	7.2530095385719582
-13.5132137721556251	-1.0645380448418675	0.6880316741159628
-10.1653959744472857	-1.9454674851316911	9.5920880794555661
5.8463715770068063	-12.6241168085308875	-15.0310225536445703
-0.3733979563236620	-6.1964579973576059	0.9991990080780552
5.5746020352789749	-20.0591478858325338	-0.6881877426880130
-26.2234954965999556	-18.6358545900057671	-13.0928992887687574
-0.0055973914705724	-11.0313532006576001	-7.0253895850611165
3.9975262013206980	-17.9399801677028776	9.5681766438896521
-2.3338131748721804	1.9727321110297504	5.2735265096854711
5.5959611284578976	-2.3109926063364976	1.0216978540046400
-6.3722770812490070	-4.0370764224203830	-2.0378532335619228
-7.5456363747370760	-5.0301494806631464	-3.6878136092072373
4.0680028984954593	-0.8716550661773299	20.1289672939572526
-22.9646970139040008	-2.8932437811751996	3.8155609928713776
-4.0139646783236884	3.4604996341956080	3.1234980857701387
-9.0447586237652704	-10.4719886120887313	3.0758741489444841
-1.9557345082422957	-2.7120237158253659	-5.9991251848403824
-6.9228082077698749	-3.1757589954322376	0.0746140339651585
-2.3807930221746783	-5.5375281858256589	-23.3797824152781715
14.0582082406097797	-25.8580996562174548	4.9223679539396281
-8.5073806309791475	-10.6470577434552283	11.1622946532057057
-2.2859900249949519	-4.0635277484582568	-10.5004177675758523
3.4142832848044558	-6.9057150058945842	-11.4202529412497125
16.0706102221318226	-1.6722217606260339	-0.6124326603953060
3.5224052173140992	-6.5919430150034950	-3.9194425959267840
28.3554718016388243	-13.5373908157929304	-1.3706240792906994
3.2966339905572961	-7.2344168783522642	-4.4121974472598797
-18.2791770340761879	-3.5402841923366757	-9.1296005174532002
-5.7290758596969100	-7.1209392062783978	3.7060679079488392
-4.3515192076777378	-2.8138747248639273	-15.8280162159887929
-2.7694781304816325	4.5681037596265259	0.2945499936374298
-2.5330364792845455	1.1958890783156571	4.6374083159506965
-3.2021456913312933	4.5069710706555988	5.0029789239666043
-3.6601063225956350	-5.8766256258087921	-3.6098577900056377
-10.9979728827787859	-15.6640161498292603	-5.5283748519751894
-4.1108680063955569	-1.0186254110951094	-12.0557830587986761
9.6719608927596230	-7.6575164957794177	13.4628289257537634
1.1274038347234732	-7.5316516055128213	4.8933408815375401
3.8301198151111144	0.3113617767204109	-3.5319377151654603
-16.3709591648745487	-12.5335403728967005	5.5302169331944961
-0.9130390285943824	1.3207944875265141	-6.9450276596265033
-6.5386646699543221	-6.3326513484716198	1.6134519815711958
-1.6609634296834572	-22.0645493988443313	4.2297424174589562
-2.2950133541025868	-1.3969121877328954	-4.3710929891637704
-0.4694924016100253	-4.6837540138756655	-11.8832796976403294
0.6045474105399364	-4.5639010550369035	5.8136819836234119
-7.9233859287819515	1.3113096328346932	-4.1227451412385472
4.2465428136637886	-6.4024659684160996	-13.6297358612502109
0.4421148676289092	-6.7948922228782909	-4.3490391318699206
-5.3650155000996138	-5.8473090847530775	2.9488738122926357
7.4442057607711005	5.7899421433895775	15.7942655856053893
4.8216543057078951	-4.0045904451781951	-0.5523086549355322
-10.0241718039610799	-2.4469358253066664	-11.9726828230152851
3.1837734905409105	-6.6759427375079472	0.2770607198525061
2.2630315482772905	0.0292037814549000	-4.6221499558526737
-11.6009760239771431	0.2454925457018126	-11.5669544412863310
14.0756213843830409	-3.8625360255481742	26.5939421228239894
2.7610467130410021	-3.7200741078709885	11.1882338798580019
10.2272458973963296	-0.2463741340783821	-2.0873443988733404
-10.5185044974501132	-13.5164043260636202	6.8060185335328285
-10.7562493689502663	-23.3801969497885480	-12.1750065024943694
-13.9962154806022969	-3.0627405204091551	7.2400883113253904
-7.6235699628910494	-3.5041642962574171	5.5173851210804905
0.4804639607468809	-4.3157408237910024	5.3965768953200985
10.4067494481105527	-4.9654081119249156	-7.8733508414723481
5.8150428296328345	-9.1065420932284855	3.0048426931634653
0.1520663050734646	-10.8843256281626832	-10.8107577345511103
1.4979239287591510	-2.7754567712686673	4.2217114120419792
-5.6319947845471932	-2.8518757170936415	-2.7887781101644586
16.4054811190064136	-3.4061864486663564	4.7739970484704255
-0.0155398364756136	-0.9262701444777238	4.9223339508570545
0.9225776439472317	4.2781323583343145	-7.1515046921706436
3.4872162851283721	-2.4428450901444565	3.4810842993294608
-5.9733075436226093	-20.1500459173403179	10.1669970570964043
-0.2911894200699415	2.4201603445781226	6.5157872417115899
6.3557620072980141	-1.8631899781476016	5.5553825928538885
6.5768898473206914	-2.4888560821676480	1.3913609838817191
3.6320749880793906	-3.9560135604941862	1.0410492107719937
1.1820973261767851	-2.6692106819687198	4.2709386042171049
5.3125967201992053	-12.8099504427816591	5.6736447738736748
-6.6388104472125020	-4.5146309147114314	-4.1032108914062144
-7.0589789621815395	-2.6590486371006046	-0.5634662104163483
-20.4378932999686036	-11.4529190870550703	0.3072840174086571
1.2216765194786685	-6.4569512838033862	-7.9857286637444389
5.7004144965642478	-1.0669954149609280	6.7800225758717207
-3.2300682482171372	-4.9788344948267502	1.9043558233522226
-5.5167643394910364	-0.6265707304569789	5.6886286365544194
9.6812223143690641	1.8729521231617978	3.4159717078710630
5.4252348750112276	-16.6102622242415592	-0.2093701827585476
2.5526284201119069	-10.5742146350812156	4.3887467161658487
3.2318851577389136	1.8717529910927750	-5.7495642003232152
-0.1671674123622526	-16.6996299822477070	-9.9062627080304306
2.4430174085393586	-3.9127221041829001	-9.4483341145072099
-15.2091868910004901	-23.1458033181602758	6.6822530525101254
1.1494362923784522	-5.9054362481853317	-6.3146418965011133
-12.2469269305194128	-10.0990575040305721	3.7768936640552271
6.2731713290613023	1.8134418388953446	3.2741395424283377
-5.4349976015056871	0.8416320818989916	-4.0819731592504276
10.1584984687045736	-3.8221258833106573	8.5103928551710180
16.8434669418362262	-12.2468248798735111	1.0857437190643979
17.6926400582173180	7.7749248373817865	-3.8141741041746271
-15.6823305179282482	-5.4304984297394903	5.9382236022158272
-5.7261537409213492	-17.3579671492431977	-20.0615731820199414
5.7833278589890504	-3.3176000819922424	-4.3160680212449583
6.9084165272338387	-7.0362921470327873	-3.0521544426232072
-3.3371444016804048	-2.0732658550831760	7.1621480098926558
-5.1661565391552289	-0.9606384808461738	10.2166899676963538
4.9493623381732288	-1.9546915946605268	0.6008982824756497
-2.0679094072638513	-3.6483825344536633	-6.8786165119598524
-4.1863179850500325	-21.6212658619283182	-11.1293044687380096
5.2617367194088462	-11.0953622754403405	10.6048852155976459
-4.1508307229691042	-22.3430206933767295	-3.7654942114303425
-6.8002050791551429	-13.0560746848635798	-2.2732923084312073
4.1995456731274956	-2.3156584055059688	4.5323292080792772
-7.2240005299011791	-7.9946787047984120	1.1605108683936407
4.9606614571406427	-5.6817348085191695	-2.2130265291031073
-4.3086565174480320	-1.9931663950055380	-2.2289733150773676
-2.4531029509969602	1.2222719028256506	-4.3852364733783418
2.6785193108699681	-3.4051228064596333	2.5457065931738692
2.1632155322114213	-4.1492792644382970	-3.2691251958123804
-1.2997599062141119	-23.4719649385795996	3.7310170764728903
-3.9563729664261751	-4.4779389052107215	7.6140348088161423
-0.8944089577751526	-5.9373566910535489	0.2298343196094965
-3.7744127879013005	0.4375390026272814	22.0164091037158727
-14.4288443272883846	-1.1452818377692486	6.8858871177265959
-4.7673551330789286	-10.3055991853745184	-2.2122683693137954
-8.8307973892132754	1.0102379690781953	5.9414225359576083
-13.0414328419355563	-2.8484663283140237	5.1105710728830633
5.7133749597200127	-3.9219173269155498	6.2854836673110830
6.4385992883307352	-6.2961120404009172	-23.6566173143521929
17.8536349028095422	-5.9330038146033983	-6.2722862524732044
7.4777191489326578	-12.2650461338588066	-11.7149972339609398
-1.0643608692706616	-8.3467273304533762	-3.9375518702563217
6.2822197561043032	-14.8947384312938045	-1.8691190343340622
-0.1813650547339993	-28.6195017829732805	-13.7884226766708515
4.2365896469801028	-3.5934943881830432	-1.9069360764282162
8.2780760595576943	-2.9960379595225408	-11.6221818154355461
-29.0797506053835484	-28.4373678543583033	-21.5712807576119268
-6.4809930981980424	-1.0044599889651138	-2.3524413011813308
4.3473921320192401	-9.8680797242393048	-9.3625601786244808
12.7998185628060206	-8.1855101931238572	16.5733636847885286
0.4463513683637452	-7.3794060526569609	-5.6337518597643772
14.6165491846365416	-21.5077549349640798	12.2107327521268036
-14.3208283767962108	-2.9927797756554146	10.2360024827745644
2.2942427740481035	8.1887379357606438	1.0927287591923813
-5.1635125686435339	-13.7495255663379599	-0.5893004157843178
-2.6644560321549720	-0.9152369177021921	14.0231372848369524
-2.6493996374540170	1.1196213038859946	-6.5756341597773842
12.5249986517145988	-17.1384901180838547	8.2486339592459643
-4.5259060150507118	-5.3806937315047190	4.4749199360317746
-4.7583092876512456	0.3186866957570007	-5.1736873113878588
-2.8424317770177745	-9.7879878375707037	5.5088858504967000
16.2992347913728857	-27.2113010421397838	-5.4694574174353159
-9.7993042218900399	-11.5313816127764710	-9.7515360290867310
3.9891573100935567	-2.3565201625540224	3.2112928712536344
4.4664044620881320	-0.8947842592349415	14.2874075496893855
-4.4795072445170439	-2.7202599212611287	-2.3491058630811006
8.7620005678567416	-7.8708423428315033	-4.9617545028281000
-10.3548088764604795	1.9553762839709932	-6.8117765418398371
-2.8121619948002885	-4.5980644879081449	1.1738085784945145
-3.3059228437540304	-0.8115087283784757	-9.5497208276552303
-2.0058579565387888	-0.2143065377962841	6.9938406774184063
5.3179464813754809	-1.7652325951640826	-4.7267739395826984
-5.3411244072928579	-10.2424853633504469	10.0508136603313236
-11.1599923178436082	0.2883723873259262	9.2070315263472224
3.2141038828320654	-3.7064011862096966	2.8506769942771877
-11.1026399390389674	-1.5361537307756183	-1.3279314550972932
-3.9389091352605634	-16.3487463042748580	7.9890861699884308
4.4314297733529795	-8.5985122638536673	2.5569782270508088
-7.5746545316938390	-11.1041061081871568	9.8692661048022217
4.7576758867748339	6.0601168851531071	-3.5881348847600956
-7.6012652343461369	0.0136661478955754	-1.8173909967852071
-2.4312522408355490	-3.4583067327055690	-4.2955864196613183
-2.9764000664201000	-11.1864125331671040	2.1583254324391286
4.3433122759463982	-3.3272161907986324	-0.9515325977762558
4.4194697289979104	-3.7163382726172340	-2.6738235002972948
-9.3095246257707966	11.1493160055687959	-13.9402689425643693
5.4947493601244783	-12.7403583768254549	-1.4738631194770100
12.7587435336863386	-10.1003495123886040	3.0912031713308186
10.3741986730237663	-6.1540464499789600	15.1766239291244212
-3.3180002287537289	-15.0064945563308569	-9.7636777472601448
-5.9336433933085448	-0.1995009743588744	3.5295982478640475
-3.8150497942799175	-15.3779797524260555	-13.9305737838603836
-7.5581608274044658	-4.9822628203446229	1.3415067935189462
2.9313367926933487	0.0044908905591103	4.0639868556834573
5.4827129282059515	-22.7827199408686596	18.5606149678186547
6.3979118114042164	-1.2410331685609877	-0.4050115008201001
-1.1058105791262454	-6.1232346887319666	6.8071463786369346
-9.2939885544655603	1.0009758739206478	-9.2813257285243420
-7.2153475464607189	-3.6185660370538968	4.2591760091704511
-0.9261569408542867	-3.8466707652124903	5.0981785239388842
4.0328637522568256	-10.3668090120997451	10.0562666131399574
6.8934783310002716	-7.0264429662389700	-6.3678325153478541
-7.6257740355166987	-7.3481046120030022	-8.4284285234943521
2.6725658153953642	-9.4778762372732857	2.4138919748498719
-3.3323082853622692	-5.5041575321240792	-5.4244793328480219
9.1838946632534952	-0.5501926817572428	-27.5470165801785534
-6.0276719957188023	-1.0189975813073988	2.1260810905722334
-13.0140581270163782	-8.8988962574198780	-1.1144579303700994
-1.0449508656083148	-35.4747902121813397	-29.0077994396177523
-4.8008950987071808	-18.0795453569743181	3.6353519052506571
-8.3762112017380321	-13.1232105490702100	8.7393361544379697
-5.4439712347602560	-5.0588111502467026	6.0166568688333193
3.9023790037375470	-3.2529804589942231	0.5708286529195699
10.8781925915660871	-0.7153984091910205	-2.4826698842461314
5.1244357707839594	-11.9528327568254920	-24.4486111030515367
12.4662191061620682	-3.2043607920289219	-17.3948830507541778
7.6270317583717979	-8.7724709541305455	0.7470686990950244
10.9053143108248740	-7.7350775549995605	-0.9486602049779268
-13.4541551809600346	-9.4187883492760260	-1.3705941734868519
1.0614371287312752	-5.0696225299565700	-2.3960093095753723
-11.6460947426113322	-19.0522605438789405	7.6116585643272288
-2.0357450732483433	6.2325006764504707	6.8819120584093074
6.7765490067087688	-6.3534350376726634	2.8903222610547332
-16.7635233738300045	5.7987136820465883	-10.4465945494146251
0.8967689921759348	-0.6347552340280748	13.0516252571000582
0.2890341289042622	2.5021405891707351	4.5286931676179325
-13.6572252631312434	3.2182472984408652	3.6104807791574105
-3.9748107836877002	-17.7568905578403964	-2.0472307739105688
7.2481762007719377	-1.5062376270578111	-6.3510909550305268
-3.7448286056918167	-9.4065747707741902	-2.4382349713124265
4.8612966352196674	-16.5994523997104899	8.1959270172711900
-0.2854598887079276	-2.7398779042896964	-8.9944898417489973
10.5740651059186561	-7.3229091948014746	-2.9911827393041213
0.3136729675149753	-2.8930556767255435	-4.5261368387386156
2.3089720072447784	-0.0365330818847857	21.9678277780830875
4.1697347658934243	-1.1742208717317131	3.5989239358272296
-1.5665105581250736	-6.7160056734230622	0.4581189689359683
2.5282546960182812	2.0258058478502452	-4.2542567635373896
-3.6081866293128217	-4.0087944275501384	-0.3857409812939098
-13.9929660849850688	-30.6279497572277357	2.3286061315235509
3.1077170486615806	-6.8139836217801006	-0.6604468335078454
-4.7692252480228632	-9.0130650756928752	0.8422673245910655
3.9817541024767027	1.5008634950434399	6.1551106397260558
-1.5426862989589545	-10.2762365211271884	-6.0392868329688856
4.5182611867998235	-14.7439299059907203	-9.5733150492255774
-4.0765731376434466	-12.6292876294215972	-1.4473832965149447
-0.9306767262157842	-2.9607125072967317	-14.0188241658894857
-13.5425365149551453	1.2986368899752863	-2.8894226499719995
-7.7882716587400243	1.9117388783710716	1.9071733958163557
-14.2506049330528572	2.3856637955054123	18.9630237533129602
0.1317654390343128	-3.3009928684712255	7.3299983473058550
1.1813078389848755	-5.5698480795353333	5.8360452422979385
6.8409875068442121	-3.0296517380252879	9.2346329256530826
5.3151073389724823	-5.6806859416989868	2.1757270394015835
-5.1814598025141594	4.3235003482377534	4.7156225477372677
-3.5342318187898822	-2.3850544902492103	5.9730047138172511
3.8716917810260196	-9.0708670993427631	-2.3184260504172718
-0.4446988988976791	-12.4216111146395178	-3.8033897776460339
-3.7531756016490845	-2.9336107771616056	-6.5572973106909132
-5.1059279051027158	-6.7731856650865438	-7.4437669406460145
-2.8073366318966162	0.2120976904408894	6.1586883144261177
-7.3478142738397301	-20.3546505655689565	2.3107151858569956
16.8608365896067411	-17.8951719969932554	-19.0719513699024752
-5.1933158381814177	-1.1700081164754450	-5.7150766582705543
-0.2504402165836676	-5.5492523170824484	-0.7545014998721696
5.0546268965327412	-3.8966915839365037	6.9895859137098277
4.5408752525020990	-6.9240172028451674	-1.5706832474481294
-6.8289424944445507	-7.1396893150078071	-1.1178690845124235
-5.2080512048611842	-12.7302970272196276	12.3937816465063957
-11.0717058520588445	-7.6574586241849403	2.6247340026261026
-11.0233732104507638	3.5265994445318212	3.4213367921398881
-5.2333468704377726	-0.0282008538201394	3.7520882352563949
-3.9614722458786065	1.2085490320090091	5.8324949827711290
1.0509117507515575	-11.0956742184051649	-1.4800670120962727
-8.1681413173954471	0.0688943610324932	-9.1636806026554201
-4.8527497940006432	1.0266247515834974	-10.6234158280767268
-4.2344185595091384	-10.1967235232708191	18.2949701143403658
-2.0079482429446349	3.4838487486944834	11.3630419366670079
6.0157658449177029	-3.1656851445837937	-6.1913709348491972
-1.1915102986549275	-1.9603170316613601	-9.7397318785264435
-4.1143239329776744	-3.9557465803333125	5.7287270226650682
-1.6655460530863413	-31.8805050580037488	20.5153348757072713
9.8099435013916469	-6.2021767730386257	1.2212143579072212
11.8210682450287852	-12.1110200743563219	3.4939149464237751
5.4062194536073083	-8.9996103058286572	7.0029569300605878
-5.2962809811903773	-3.0813613152923134	-11.4244185387683466
-0.8659994187892632	-15.3498559360117586	6.6367519476751644
-0.6057302107758514	-5.2549813684082887	-0.8133127285990355
1.7370712108812114	-10.1543948326626516	0.0501729521304034
7.1402944008287772	-10.1320119418602239	14.6259418750979791
-6.8152579889947846	-8.6403167884799856	-3.2470921918961779
2.4488315365358710	-8.1185394058657945	-4.9642368183505594
5.9109191443656650	0.5912136629750044	3.9597969637576291
-7.2172082681847360	0.6108464165370218	3.5428747587676184
4.9901751355163944	-12.1374438160361020	12.6254298180695113
6.7230869426926629	-0.4802732607468032	7.2034753818054575
-0.1004095267766945	-8.8570994780858623	-0.0729984995262098
4.3181619788366401	-5.0297825236484144	-4.7341665369254038
6.9280425051859078	-5.4139010962641470	4.8173616075406240
12.9119845876538104	-14.6332487849689397	-4.5187048647352430
9.0598935549713726	-3.4002028949199157	0.8237410951437885
12.2773810742220402	4.9710527507837012	-9.5318939274860366
5.7148693273993647	-4.8301836189601763	-4.7530267352436146
14.7283928114463016	-19.8284284435921698	3.1430690979047289
-1.0712717904410924	-0.6974575478447207	6.0364269225360383
-3.0267184764426385	-4.6716857919510657	-5.8527435989499361
-6.7743440527280177	-26.2849403870575422	18.3883177952326200
-4.5558542436455101	-18.9302606459465395	3.8609114015535670
4.7790922318781925	0.4631066110806264	-15.2637549715023493
-3.8745089152212047	-2.1403673332022044	10.8839464636550929
7.1953008624694679	-2.1277505840526465	8.1671730998490748
6.5622141002236463	-15.8523783686759963	2.1643312217205954
-5.7516741709330885	-3.2755717291329050	-4.4806510241862609
-5.3440347680140823	-0.7401267784057388	-0.8852020872958013
-5.2990672948418869	-1.7197325992308448	6.3811458527922928
4.5828084832471125	-1.6565998849029024	-3.6912930717141208
-1.2156161800968408	-9.9224885497782846	-0.8758270303529978
3.6291365552964003	-2.9668847751582512	2.8483243670036362
-4.6899758921290893	4.4136501114095603	-4.5903221668620624
1.4246303340626232	-14.0356880984006747	-4.7394972682467875
-4.8409683447129321	-18.0507720005025796	11.1673530076478933
13.5792001208512314	-16.8726139599083638	5.2022968458090091
-6.4958839147838949	-5.0830809430081851	-6.8464079225324523
-13.1561181968529883	-3.4749787141613702	8.3902009903893440
-0.9682985010830722	-12.6320141886059520	6.8925554747718945
3.7092066365190801	-13.8264765218128307	-0.1310778594003467
1.7905014754637041	-4.7285204686269529	3.6922790415343201
-17.1959815567322813	0.8530968301198057	-3.1192704978633703
-1.7585359192270389	-3.9188744496175287	-5.8781483021815513
4.0751786388948847	-8.8671973693258241	-3.6224404183981278
-6.3213473747695108	-9.1450325761756144	-8.2476133302367831
4.2517293875743905	-5.3931690819424238	-0.1729454564640403
-15.6573549176704532	-12.4786940825640809	24.2244130473641519
-10.9705871505755965	-6.0732465657589154	4.2194654304844761
5.5632062440648147	-2.3638627693828758	1.5397668611046700
-0.4382468192158667	-1.3216367292668083	-5.8093907501425193
-9.0654322752346328	-0.9240669336667259	-7.9255955040272745
2.2655055801792061	-4.1472937903052918	-3.6767121638501639
-0.2780441307909343	-6.5071133550314464	3.8506312834729850
8.0722696099200775	0.6011443178554235	7.7633441215454964
-6.4988679546051404	-1.2789720142510543	5.3831951591260507
-4.2596103621327863	-2.5883316035288546	3.5780975988218748
7.7053165003951154	0.6429136748313419	-11.0474490211156020
5.5191908838220520	-15.9244046524463254	3.2838867460579224
-3.4969733382678667	-17.9875166791010699	-2.1928214091546367
-1.6897843616531432	-19.8479987845181860	-1.3287939335382322
1.9690466901117656	-5.2080749510141011	4.7798755942069580
-2.8526392126903075	-2.0765985906151534	8.0011486393197799
17.5301399676997143	-5.5407952799276297	0.6572811683127312
-4.2051373988076515	-3.9778412968367389	-4.9125912313961422
-7.4927109944472585	-5.7071654181750411	5.2913339624293485
-2.3615753490458604	-8.7174062455621577	7.6281528721674325
1.3111478782358070	-4.9695500303621465	-0.9270424954211736
-5.8935935614826809	3.4382959498009078	4.5974332140522680
-4.7594017789245306	-3.8297182589962193	-1.0670808589185257
-1.1271744914970101	-1.6012259432138347	4.6705945627022754
-0.6204117221079443	-2.7854148944498593	5.6965288992948437
-17.9435695340520773	-6.0727636625955341	19.5871956168398569
-9.7040254036531302	-13.2665377305233161	2.2684416494789463
-4.5446222603790911	1.5943467153972959	2.0121348560740735
-2.2131193469599757	-2.2221446654928676	7.1217073117538527
-7.6685033211713476	-5.1026570769636539	-9.0849144182897188
28.3393971809607841	-26.8965860274730559	-9.4095198490005814
-0.3496534528966768	-11.6317034905127130	8.0389355350017357
-0.0016329031423186	-17.1592608451349662	-3.5486128679789286
39.8832557243883059	-26.8558081112623839	-5.0483125872065475
-3.0577075668004685	-6.2343337800748291	0.6922958107603404
-1.2846537113666430	1.8345054311862881	15.5233581621126575
3.3242663737562852	-4.5986905626201677	-1.0503612442014694
2.8885347660272123	2.3193082497349327	-3.6006051951326778
14.3224862062610718	6.7245588012773014	0.5784563041773473
-8.4581589172658180	-17.4482278720546056	0.5215210438512545
-0.1666451123868812	-13.3521503607795555	15.1697922327414112
3.2058315570872180	-5.2710768675969657	-0.9443473041520251
-9.0842822380022596	-8.1527631168388890	9.1390156313895528
10.1167185003935476	0.1370066609623837	6.8130835186194858
3.2518692388613544	-0.7521478041919553	-7.5202668795137493
-2.9345943790034497	4.1835239810882907	-2.3893000129731314
-1.7053541710419229	-10.8088795647847036	-2.3946461286706824
-5.0828358844422850	-8.4648277146357369	-4.1739829730930325
-5.4725471956697094	-4.5935853320328199	-1.3947038536250922
-2.4554872270048884	-1.3370513565894102	-4.4108604149788473
-0.8490298420720359	1.7218782893843689	8.9733843918687430
4.2491372084641199	-7.8155994757814735	1.2034830634399725
20.3990436402130015	-23.6318093282448203	13.7144875758606375
1.4184453136104556	-2.7620768319990421	-7.4968271975206466
-8.1713478851916275	-13.6430291178816070	-5.9106997345226953
-6.4842551383375033	-14.4895140532157107	-16.3049087008372240
-1.2489128474911537	-11.7806545478189086	18.6912054197506166
-8.1596291573083288	-1.4718528419209993	7.3248104727055328
-11.0749972142590831	-3.2546239012175326	4.0515490851875651
-3.9719764145893377	-0.5162456468295212	-5.9970497285370561
4.3347158617237946	-1.5201857064963644	-2.7111033115689276
3.8883829647940495	-3.8700370867874794	3.7917457281467923
-1.4502753803078654	-7.5588180941185836	-6.0249058717406889
-8.6326159948609860	-3.5645667567938002	6.7525792301195047
-14.8149952600394901	-16.1627681350350834	-1.9233686927855189
15.0716419895068636	-7.2322214536027438	4.7958656024442501
-0.5444140635391347	-0.8091686046735219	-5.0943353076207689
-10.0360894681153212	-3.0954181397511191	5.4604317607531261
1.0591476127740518	-24.4385134813066003	8.3239783972034758
4.7491582080127710	0.9054686823237301	1.6006620215481551
-3.0046737279333597	-0.3533559825649067	9.2649762689026449
0.9446353046892995	5.0898347126521672	6.7228865712618147
-16.5397640477923282	-5.7623797889894011	-5.7885827431584786
-13.8750492294596377	-0.2451513165667873	1.2929698311659059
2.1596570709001828	-10.6667470727961149	-8.7374849318540981
19.7245836716562764	-26.3982751539457752	-0.4021468533920995
-1.6319431852243855	-11.1307683146610188	-0.3159686542208523
-6.9784602672445937	-1.4062236378459030	9.4713222796411571
9.6919032354096153	-5.2575250192638014	-13.9507642006340848
-0.5458234993687177	-10.7684135719910685	-5.5763578751031551
-0.3059383692374069	-9.2746919785742445	10.4999345972210563
-5.1769677931458213	-6.4620545501856981	-1.6882143854783835
5.8884549200417595	2.7131481046598673	11.6327991785080087
2.6072371296102457	-44.5436934968312599	6.1393795682300558
-2.8843014765148651	-4.9625197435730470	-0.8483688614869451
-7.7298874559630617	0.1676774534526106	-11.9348988199589829
-0.2316709588902195	-17.9062326174127122	-0.5838542427084509
-11.3716694860327365	-22.3570905677401655	0.2251387874646176
10.0258263957702276	-31.2946742769506976	7.7239534782923718
-0.9530523870978465	-1.1543413189577525	15.4133587182939760
7.0224995520645663	0.8457318635144909	-4.2084853366126511
1.5185069759341212	-26.8509571209571085	-14.7742971217447909
-10.7914010406849439	-4.9603749419486522	9.5289916373169916
4.0368617439904595	-5.7605798553804508	1.7049714381114123
1.3017456585246434	4.2545307673715600	-4.7863898671542922
-11.2588655026813651	-14.1201186632065170	-3.9100673495940308
9.3152689425561519	-12.7552673218188790	-5.0298117653478531
4.7619628209929266	-2.8045567245382768	-6.6020376826175360
7.7379182082933662	-6.3131913204396515	0.8975232469621780
-5.4067128836063212	-0.7893176362965271	1.5106204332509054
-2.6835108757771171	-6.6651909728119536	6.4373356355696192
-5.5999334208886689	-12.6590492247041322	0.7364523891473552
4.2288313313315813	-5.3834499930270399	-1.5500659665246908
10.9909298992559581	-8.8057136885882095	3.3572732338234981
4.3013199913063689	-22.4924851025169730	-4.3281324540896877
1.9244909215103945	-10.5304329266059753	-4.7892244439576563
-4.8311575941164824	-3.8561848682709212	-1.8864067018892099
20.0277743137671038	0.4727152489543129	-0.1381738875822828
1.3685369333473145	-0.9703634033666504	5.8977245953747435
4.6181736105814384	-1.8947993811203547	-5.1713903562079837
7.0977804197663010	2.9884786056730213	-2.7206682117921486
23.0692481057548235	-15.8411717116614703	6.0852726814315794
5.8226348534404453	-9.3525730176514994	0.5489866904330039
2.4662078170539550	-7.5107732089794927	0.4409395451103916
-1.7411836261049141	-9.0908056043357863	-11.3926371777965656
-5.7726994307900759	-3.3189266069982817	-12.1700062139345135
4.6728400798688661	-3.6146402258752581	-5.5673664274669203
-23.8461151452705451	-7.9086573122785513	-4.4767756063650666
0.0960107751353191	-4.5702731014277616	4.3185585650964438
-6.8707734413163042	-6.7852282402257833	-0.0466562672398792
-6.6324827907520989	-14.4887759158108853	3.9271353552098724
-8.0058515434984212	-15.1169982458111996	4.5401356126391486
1.4224919890406176	-4.5749962782170428	2.0156709502668382
-2.4352616745895568	-7.3623481509320650	5.0496849023039694
9.7865325641100700	-4.0975289797097965	-9.5895439422167552
3.7341510305251142	-3.2997227913423255	4.1870065904533069
3.2700326684322771	-1.5005848016708441	7.2765497137204704
-0.7252359879050237	-2.5782864554995775	8.2401664189336827
1.2140961107995767	-27.5377986068912080	-7.6121606717426227
-0.8948107214788737	-2.0764417273275910	8.3907561297786586
-0.5173756828416938	-6.2472694547250773	4.1238921174590004
6.5027787260701571	5.0371803089130811	7.7266543481247343
9.9351474356070923	-3.3316839143397567	5.6759312502993549
-6.5615358987716892	-4.2916337603527808	-0.3963017536629606
0.4989416090484388	2.8477353010422943	13.7757790249308467
-10.0299707149449002	-10.9476758424952703	2.3206243449509820
-10.4970623271891750	-21.1935900114246287	20.0756033105653486
-15.0209508564566061	-3.3672729669810852	18.6798461318342142
4.4691378125139787	-14.6000945977724825	4.4010819896195201
4.6748073949471456	-8.4144180109724118	4.7549589501306180
-4.4290327170176598	-7.0754356458083461	0.0682305381175406
-2.0458774549900944	-6.4065937389827914	2.1391907768508065
16.8245362294269150	-18.6097894830956285	-4.6496808304429216
-7.4083849294447379	-2.7490847056340710	1.2309775667440461
7.5455727959404681	-7.9444470025132787	0.2523361213297621
5.1336969586924956	-3.5197697129648660	2.5851990205445481
-1.0492908213142467	-7.4704535740030149	-7.5479011774886065
-10.5737425322647720	11.4312627036896455	5.8094150038716750
-12.0218965734345211	-12.3414239103057373	2.9981538679202751
-13.4734250783089102	-4.5085463151123495	4.3838570371903840
5.8477108648370564	-3.9875882574177890	3.2558551642411606
-8.6910902940456936	-12.3258720541859841	1.5804377011421078
4.7394230692440553	-1.4844526880379010	-0.8155446856441793
-2.0314124578766717	-4.3577184120451671	-10.8964728385082097
-4.3980156851221439	-6.0776225595669340	5.1766490496081863
2.3172270487923563	-11.4126478146389072	-5.5850687124850928
6.9164667867509353	-5.8880261779279497	0.1334427694128306
-2.4279233966215825	-8.3878112688841693	-16.3453926316520501
16.8725465833338468	-26.2660670830459679	-6.3256688081461778
5.4457385718006286	-10.1180351848625882	6.0718284053067606
10.4873476230406926	-14.7167373929285503	-7.4430947172983792
9.0526318027116801	-2.0294628952197149	-1.9537621565047816
9.6599247582628607	4.5717467680002200	8.1053613057734779
-0.1868747360746198	-10.4145480522389562	3.5323966713055723
10.8742772400344005	-2.2841092237215785	-4.0947189460378413
-10.8078827204833345	-2.1220379480719078	15.5277393282020277
4.8670843350882809	-2.4647607593479708	2.8912254339372594
5.3097364372215736	-0.5074164220198922	-1.7139179643953228
10.9586427383847571	-12.5282246902736691	1.9113513690121333
-4.5855633870557924	-1.7719917703674850	-2.2417871533423983
8.0629574242612758	-4.2766442577265691	0.4933934528482588
-3.8798135148024082	-12.7100559619347688	-20.7746751303416097
-4.3389172737856727	1.7005493077943865	4.0634444724107022
1.9219619109748138	-3.5771778089289223	-5.9360301926305130
-9.3372903773728932	-4.2801488493874977	-9.7114518932363101
4.2294915160206541	-5.8280234089432428	0.6686203510373837
5.8778439694163165	-6.5321348733619899	0.0961897081618345
5.7140263331655419	-3.5782848940549830	2.8338632161602550
-6.6214800317804476	-0.8229939524584362	7.7826928010462222
0.4759547037258315	-7.0652831922820178	1.8580164780684634
1.1941136090420588	-1.6763744403790106	5.3942037600243760
-7.1010103626441969	-3.2147847031693795	7.2992576506144617
6.4885111045953483	-9.2933948441277821	-2.7552478100042608
5.8853432693585788	-4.4156932617781059	-1.0771075712353095
-0.9136623491551940	-2.0404681685555324	-6.2861481419982406
-0.7536671721487285	5.1204721108809430	-1.3974724818965338
-0.4888138594688946	-9.1508685087402402	2.5892687570768751
-0.8357217864792685	-12.3068078007319262	5.0301915641757011
2.7240491474173694	-10.0766913835172272	10.4350106745593010
-0.4789490098460864	-10.3436303074450198	-5.3164679970423601
-8.4408940494996063	-6.4369442702779338	-1.6509200044916617
0.2140361406843785	-7.0788047798274318	-2.4131981963650904
-3.0742923791229351	-1.0407101535817180	5.7156390939939605
8.5854844542051048	-4.5488600074019168	3.4386854123118034
-2.7622863056860356	-6.9896132726082314	-3.4245565715434831
20.1397808543593193	-25.6214022700071169	-1.4888675853311255
-0.3604983140697197	-19.7350148197751309	3.1586782582609860
-4.6526509781396870	-7.6214607057850792	-5.5172862012722286
3.5101018458765489	-6.2809330000221051	5.8416084816838145
4.3047458190642063	1.4628373154774772	2.8623955123210654
2.5041879523629151	-8.9380182040230789	-1.5352305658848993
-6.4352216160615114	-1.7757072456696168	0.8331480400848407
-8.8138951359754074	-2.9012475524660757	4.5398628096997031
3.4948852077423989	-2.7246271623276126	3.8780757225804350
-5.3654160227778993	1.0280712806441190	3.9226602345040797
-13.7481238186056718	4.9266707373664822	4.6757553902596216
-6.4207433384314809	-3.3893279541276140	1.7586338809426989
-1.1426703209523728	-5.6617922321238527	3.4630618334051237
6.4504719593274036	-7.5696350694844439	-5.6241248627814917
-0.1403722876111957	2.0283713909127772	4.5762738874383375
-1.8839690871561006	-4.7838634837572531	-2.5351698761022554
-1.4483729149272957	-14.3180465991405068	-6.1575071982022260
7.4468463553277768	-4.9027890823584226	0.7775948494542325
-0.8526775950223938	-3.1025583331199162	8.5213386803473874
0.3337471949535268	-5.2986200821396983	3.4919594153775013
-0.4610632698538372	-8.0614384413742037	-3.2228996959814178
-5.7706186038841336	-2.0068517253714653	4.2095301279063211
-2.1395134911142568	-13.7905345797989742	-7.1310794322271089
-7.7102501341334220	-18.9972456179372067	-0.7344299816112223
-0.1656191894055872	-3.1343149421271472	-4.4892870205699023
6.4844037073976555	0.7305482076041570	1.6878141015408736
10.6154618419042919	-0.3028471231794533	-1.1222873401918705
-3.8702067781249099	-1.9785509409684283	3.0570520392315363
-9.8724547005442975	-11.5323871825465201	1.3929497683797287
-10.6340899925230890	2.4590983635220716	-13.7208237460469125
2.2455581071360249	-10.0907951079162483	-2.9744591944229000
-2.1584798278418620	7.8285285269860729	8.0884757177979250
6.6843565033279155	-2.0964500950245974	1.9532241314183578
3.4396930495114839	-2.8471112085603281	-5.6697016792455148
3.0939794914816510	-6.7858942362294394	-5.5883689577287869
-5.6743545220994571	-5.9390974404887551	-14.3181251729869263
-1.6514306946266526	0.3629816998829343	6.4150286595374117
-1.0888859313035695	-5.0137084215110201	1.1910242267439057
-20.6100706933385709	-14.0393631649535884	13.5164679724002923
-4.2270833164103445	-16.8306957598072096	1.4940139144446041
-2.6634941448279230	-6.2196884945986923	7.3207731237302713
-7.5225939019006880	-2.9769097368545969	1.2528939553755938
-0.5302689265619763	-3.0055909991198289	5.1835687247928721
-2.1733513420376935	-5.0239947788494428	-2.0036375703064651
0.4429931338575349	-7.0989303290667509	6.4148085346745001
2.1985507083099964	-1.1837520553195597	10.4445848091157956
-5.3063445173903636	-3.1079292909266432	-4.4030051971493718
-11.1187856434022638	-10.2652991998605803	1.0645379541388980
-12.8995787816405034	3.4598418982366206	3.9045998127976227
2.2732862149587643	-10.4022821096951805	1.5851777365300497
-7.2371464475824263	-3.8432894486185498	-3.4957180983687550
2.0506205350274542	3.4750772085467925	10.0634986543460876
13.9797740097619378	-38.5260870689776382	-26.9178826964843836
-0.7106033023269069	-5.1716376365229610	7.3344411287492095
-5.8463665980262611	-1.5662539824008290	-0.7294247891698279
2.7451723082036850	-4.5083175721595188	3.7341221026623108
-12.4347652465161644	-19.8254583873696184	-1.0852994102302469
-1.3005678361785407	-10.7044530981616415	18.0166133713088854
6.4207924268247156	-2.7574888854646362	6.6017885663874072
-5.4103434087995019	-1.3564053660703963	-1.9460505727358037
-7.4281870631073188	-6.0769848057739662	-4.1211752964108994
-4.4987745028011661	-2.4839692123441139	1.1606318928683899
5.4310609599946389	-11.9388522891207138	-0.2903574895609876
-18.5538202239086019	-10.8303312397562497	6.0607256621142982
-18.6609916090768593	-19.2587662560422608	-9.9562197557487035
-1.6789736062270071	-3.9663298953323527	6.8167406533304504
1.3584166901759374	-3.7311627444903799	4.5147656251730206
4.7112731576770477	-1.7604214844177035	-0.2469692630852694
3.1419457201994376	-38.3344374032317745	8.2025332241162019
-1.4180182694950625	-9.7601767942167861	11.9860309911867589
-5.7325002376758984	-4.8920938509338496	2.4233737455324573
6.0828524933299120	-14.2378998376070491	-5.2346946525434550
0.2862979714939627	-7.2573511166147284	4.6577412795292776
-17.4933944869039486	-34.5422429102577482	6.7170548509411798
-2.5574899438446712	-1.3404300822913997	5.0614954113828974
-18.0228012733034646	-10.2867577638880938	-3.0574253821173256
-2.2776872962470796	-19.3784645272096689	-21.9075678152706033
-3.8994142669320140	-0.4044731611935922	-3.6287371718316583
15.0259044839236324	-7.3736589618959707	-5.4373314952508034
-7.4362900387157973	-11.1471408364386217	0.2465553463855026
4.6947900926137249	-1.3767353464896066	2.5637257091179642
-2.1248885614959190	-9.0317951266910903	-2.1463278815769500
-5.0443758045145044	-0.7199096918158269	3.9676759302089937
3.5873271394663822	-16.6367817422420892	4.5258356228998471
12.6605710241994451	-5.8331776751981472	-4.4160316406898872
7.2009904932924753	-6.2038970804635047	14.3750977967697473
-5.6995593057437439	-3.9562187702915317	20.5764883977236970
2.0992835431762487	-6.1296909134784023	-5.2406969905274394
4.0954636937681981	0.9344096560641755	-3.9043418080487311
0.3108857792961744	-14.5880161602338969	-10.9803282798966109
4.2427558051264898	-2.8023546902009446	0.7218679060672006
0.6479951131627417	-5.8831099342234792	2.4751878949511177
5.9908797866179153	-6.9461706723134196	2.2168467824721430
-3.6313405179073563	-4.6635616244914386	1.0679909836162420
-1.3726725877380510	-12.1953210687491698	9.4432136640280806
-8.3019240462567172	-5.7889992026357762	-8.8565504306632565
18.4499276432754264	-8.0326865234884366	2.0927253119600633
-1.2714880740889616	-4.9898514763826709	0.0103326551370828
18.2680521411179164	-7.8100534342559813	-5.6790789510040023
3.1564443618573916	-2.0401920168423913	-3.8508404117063679
-10.7672954415957278	-1.2716158444098884	-6.7374107970427053
-11.6434003021677928	-0.7678042593396527	8.1085025612162678
-4.1305103022900900	0.6737635858671569	2.8429142251249986
-4.6062095349734209	-5.6621058218784528	-5.2338855783573175
0.3385207910869183	0.4893801637884408	6.0429598962661384
1.3288628041605133	-4.4818739756871357	-3.9061662627908516
0.7974535350734809	-6.5668591323174139	-0.7904607957885278
0.6114322760799956	-7.1978772312554815	-7.8435845381412657
2.8376106145480411	-8.0553342478645238	-7.5032190176839295
0.9450361445804487	-7.1919379250301114	-0.8744084443700365
-4.3378664952487798	-6.1626103610557434	0.7019413243463327
-5.2565806013433338	3.0675955233262360	4.4646254909840710
-13.0549571816269427	-3.6997192754515935	12.1935826963928093
17.3901238743513673	-2.3931558154287935	-10.4613102020672670
-2.7984834427224947	-3.7202416641599476	8.4710415614361754
-2.7991618004001424	-7.4840681206078585	8.1752619616581335
2.6596395517041933	-3.0305390452569299	7.4694237609620586
-2.1604342262693241	-11.8210687825419694	1.2075243627481194
-1.4145591216940738	-6.4473106126592654	7.7101795032593596
-5.3624055597928484	-15.1441640108707194	-12.9048465104291239
-3.8583982180417453	-7.0107464514803510	-7.7699219867697904
-7.4628749056519688	-4.1161253812910736	-7.1488704312726687
0.9778676255901384	-5.5488635924883711	-0.9427603663353593
-3.1248769988828942	-1.9614557421531880	7.1932565672637523
17.6938908150265277	-16.7019708189399232	7.7340194886411631
11.3454410954763585	-14.0643352363302885	-13.1977516459891966
-4.4186570075097613	-6.0847987309244713	-3.1508576844868168
-7.2963595577274818	-12.9202207885433182	3.1577549194157526
-7.3363953809049418	-6.4515897666138491	10.3432075091155546
-0.2481947634965379	3.9024897259379192	-4.7349795066330875
-4.9888199590151654	3.3017356536498501	-0.8135869026256000
9.6691790246653504	-2.7683667870318840	-17.8111748133538477
-0.8499278493301333	-1.3132707088325219	5.1914661423505368
5.4430519736691316	-2.0596984899515212	0.7233568384945326
-3.5456560300726467	-10.6433247612679107	1.2554762863258120
1.7841294231534335	-11.3678695534499763	-1.3028763979536873
6.9897727993469703	-0.3608607574720496	-4.7234462459891065
-3.0920361929887954	-6.6651831575994125	-8.0249498039081377
-1.7720192538793929	-3.2986195598220625	-5.2307947962811694
-6.6847462003567744	2.4020958033047202	-4.2288136689800186
9.0627281481071282	-9.7119953366812357	14.0125143754481005
10.9378295787226261	-11.3317297197698323	4.6704350904522363
-10.5744405238608046	-4.9381188390731880	7.1133041900477139
-7.0525506909374895	-9.5746866884964916	-0.9301353877551710
3.3687083052113618	-15.4552872448772085	-14.1473880483144310
-11.7649748800554814	-10.2529249432276348	2.5057041775814586
-8.2886050624840291	-13.8750304964201643	-12.4880585414834275
0.7814179231218243	-26.7988541954322201	23.1983046309373044
-9.6031864874872959	-0.3026789738874558	18.7349771862450680
-1.5539998644461357	-5.9107172221823214	0.3031863148032625
-6.6421902852176977	-3.7056453080394904	6.2048220651924044
-7.9813959095215870	-25.3574791447872236	0.5656498963690988
12.1150029074501244	-2.0784694945299740	6.3547711183799560
-3.7087929118238638	-3.3374348132009568	-1.3443146670143082
2.5855400107533066	-2.4004791022531489	4.2153319710248178
-10.5817922414188779	-5.1535522499701960	-5.6411323507222040
-1.0236786397700723	-8.5911205870769649	-3.0561252765193911
7.2688760382741471	2.6048230487290294	-7.3286864157227756
15.7089790975339589	-35.9366769539378552	22.1058454772233972
15.8211716202430068	-30.1265892723817643	-15.8738472169951841
5.9395202673059382	-9.0981003437207715	2.5019060328861809
10.0412856584910024	-23.4579444902754730	-35.9367815990614901
-8.8685490421656858	-20.8049659084939229	-12.6972384292459477
-5.6685931692348097	0.5897721673381412	-0.7549498748276856
13.0544207448351077	-13.3007453324731184	-17.1036255740514918
-0.1193928446554213	-0.9464433859809787	-7.7091914730166611
5.9188055711007124	0.5325359009495521	15.8970463687259596
-5.8051970013995584	-2.5900693231954723	4.4177502118600760
4.0437911782061331	-3.3743908650774896	0.5924464914619424
8.1700080824037045	-3.8697290400147892	2.3829978258693600
-21.4374133566388956	-11.6790459981985002	-12.4175472043279846
0.6393146556681064	-4.2758322739647605	-3.4838831425027466
-24.1304604292346276	-9.1039540979306786	-0.4875828053820926
-2.2962903453023680	1.3762768963104337	5.7761221133471263
-5.7541135875753513	-4.5956914600211070	-13.7859379833347937
7.0571122230960803	-7.3857763887670176	-5.8200075327361827
-21.1465141355156767	-38.0010167540254074	-1.3924798358783004
-8.7800159957002855	-5.2868658726789457	-1.2011857371962578
18.4387990509594921	-15.7603304881082771	15.4544750020136661
-2.6774963222721193	-5.2442011775352917	-4.2064495594963924
5.3924879388647531	-6.5700985636768241	10.8630040939744550
2.3653422586989179	-10.5127312012393119	-10.3665175124655544
1.8427044714114365	-5.2433316656810822	0.5727712836837568
4.0696018038800625	-3.3145850031402033	3.8110411412203451
0.7188133429410168	-1.7423927128626688	-5.8949113511014772
-0.6667278611827803	4.2910362450869695	3.3941090465925319
-2.2541366034045187	-10.4208835729108031	-9.0294091559280538
-5.6154614570233257	-1.6319558305523476	1.5879358348968462
-6.9760323465801521	-6.5055041985286914	8.4738577624811064
-0.3360818552924182	-19.1946570643353915	4.5711510719417987
4.3169919407294497	4.1849894005573507	2.5494659761669443
-6.4440007787856874	-12.1469028671159212	-5.5631320768668706
1.2726286266686686	-6.1309646686996340	-7.7039080365514785
0.2740121078856184	-27.0548573548821061	-1.4537919020600909
-5.9822647530723785	-4.6592581291709267	10.4159026162309303
-4.2829553005210634	-4.1959108126830449	-2.1973267714304767
-3.8922013418711114	-10.4943510712553039	4.0154156351974128
-0.9684444041990290	-1.4595131140828737	-9.5624740470759075
-3.9334658106182956	-0.3098540570945180	7.7656682623304105
-6.7602543540054381	-8.4797559476798341	-6.3171912464016957
0.4233247520945810	-7.9736620170678281	-3.5962917449569005
0.1851447212038475	-5.8127889171194456	9.7028978504921426
2.5960279471915730	-0.2551181936409855	6.0504304814309657
2.6325757755840642	-3.7253810597754824	-2.6036801469090025
1.1653226625871291	-4.5497832587286204	-3.8327736388351923
2.9175275431327803	5.1643268896712469	-0.0699573504485521
4.2249522969373485	-17.7478998228835287	13.7043478447450884
-4.8493326652262025	-8.8914812591480210	2.7664289075867905
-3.6068785750444241	-2.5535645159159857	5.7301347722745692
7.3674707220845868	-4.1967179632982470	4.1953956331566395
6.3649830492340795	-3.9082815786215339	4.5425608452206800
-6.4944442530146302	0.8903383962750046	-2.0751069089044050
12.5015027075666971	-4.5396397145771168	-1.6643910304716829
-8.5107379526755853	0.5358289908872558	3.0388282694247524
-8.9959822787204864	-4.2161825720745956	-2.5091007498230180
-5.0450369492990488	-10.3220010188433626	-3.7770128741009428
8.6807474551798354	-3.1897126211378599	2.3014310637973701
8.7769751169428787	-0.7121099657770733	-10.5480365528818876
-4.1789251648334247	-13.2366675448561573	-2.3756102835267012
-7.2165265645023675	-9.3887369971188139	6.3112377556273787
-1.2494528047823330	-11.8168096917701924	2.7695636137263246
-12.5966916369046196	8.9417400679099135	-1.5013058228642306
-3.0534587720543924	-10.6977312237354649	-5.9359138876691686
-1.8488538922935032	-4.2496523154599535	3.5777571139982745
0.3235035934238771	-8.0573943150302281	-3.9277658627442857
1.8349018161036883	-13.1174000416338021	10.6339523085288601
-11.9320193085054438	-10.7868107404285176	-4.4743433846035199
0.8337110090701451	-11.6972095438629076	4.6981861092670298
10.0384961470444534	-15.6984987969899716	1.6410812590167141
11.3162200066149179	-7.5487756979631602	5.2942219431185951
5.8170158742611422	-4.9628333877555360	1.9042970293103274
-7.0054384028905776	-10.2763882978829582	7.9527223922750956
5.4848967004224916	0.9086162882379207	-1.5119833523567803
4.4222982925734300	-12.1189217948236614	-5.7022528965977290
14.0188215858124288	-16.2219846680447120	39.7033593016373842
2.4462866709044131	-1.3389120891692821	-8.8083949533151937
5.0135236575271991	-1.8491949744257323	-1.4586496940747244
2.4822026575085574	-4.2161047055886618	4.0777189790162831
2.2389647903249399	-3.1202584346367424	-3.2345785988968609
-8.0611119774497517	-2.0432369697286714	0.0935412111657273
-3.9128417005461449	-23.6146658496083042	-1.8395447955637787
-9.5706536199286827	-7.3463720208440790	1.0204912998906577
-7.6335802842732896	-4.4585731917016806	-12.4958797551193719
1.3692200274438027	-8.2335569057946838	5.0531403759107238
-16.8587158947137716	-15.6934615319652799	4.5218567668381642
-2.3269357806068012	-14.8259094015502626	-3.1254734499898276
-13.9215727031908365	8.4134751966457095	-0.5085868417203521
-0.6419047785135427	0.5982178695629454	-6.6386252876990719
-7.5039749595751433	-6.2013883686402220	9.8970809527833037
7.3672645284796303	-2.7198236751605598	13.7581573720528247
1.5229093579935395	-10.5313220428038701	15.0824053678663521
0.8539573571913792	-5.6600371653776405	3.8680252004664921
1.2985281906499895	-4.5112868004666069	6.5350266617019361
6.0649400671890419	-7.0704937661815936	6.1397651730856992
3.3513795997545524	-8.1118998315685875	6.9827699006114488
11.1510970991320004	-20.1838220476530701	4.6291553646034611
-3.4183269706350252	-1.6163082739814292	4.8696545231177017
12.2952084616514590	-18.2727515314115614	-8.2531377447711041
-5.5020924090619046	-2.5592170386114272	-2.0763465683120645
1.4711236930997775	-4.1484158305410368	3.2116014088494262
2.2216224831123328	-6.9881219543543347	1.0458516019472865
12.2390823516469034	-16.4001770386261896	-13.4412216484394591
5.3149742141816629	-11.6119918840425740	2.4115903003947166
25.7250578854701963	-31.7496093834831825	-3.3877060313778760
1.8711967211933858	-9.7153789571637930	4.2681333951581060
-3.0068012437560170	-2.5448530857558307	-6.7105661597487849
-0.7468995710573314	-0.6641026080903695	5.3324620641117892
0.8405987018954250	-0.2318314797419875	6.2758484265239094
7.8437726541911497	-6.3119379186980717	0.5952613797428523
-5.1167865860912727	-15.5007260953507711	-7.6558137740283927
0.7370383925516093	-3.1579158596120678	8.0955864798817103
22.9522461291204394	5.4909566593008536	-5.5993853082967542
-5.8266217784703587	-28.9619805063655136	-8.4156066827119371
-8.2361970523540400	-2.9935666828868448	6.0495977324767543
-5.3066474814691844	-0.4455064307550770	-1.0910852006570591
-4.4176566518204634	2.6057255686867351	-4.1909846973921931
2.9384114637015646	-4.6564929754669011	-4.3724069741142051
1.2051450687708927	-0.9691533653824861	5.2282812458056274
-1.6589261048038704	-9.9752316219056247	11.2165444719405709
10.6987022454189482	-14.5993614121604622	6.4236350490362888
9.7497937604828415	-34.6753225668362788	15.8625198269892387
-5.5849097249163284	-4.5193222232619013	5.8045271875250730
2.1024037700574594	-4.7596265251856575	4.9639893909585568
-3.8000650838759387	1.6475583699073604	-5.4330596084692910
-1.7995265978035153	-3.3590337901646228	-4.7006004808860959
5.7156255788514150	-4.5283196802382149	-10.2608686772583937
1.3388575455866905	4.1489689380096015	-4.0539347526010197
-5.4439621184100071	-7.0398871536845107	-1.8742489786805225
-8.8047726477171899	-7.2145780114132929	0.9986140472685380
-6.6022306126783574	-1.9679693920074313	4.2873818872703984
-3.9350250395336208	0.0548058938999811	-3.4478033022697256
-14.5964887515243422	-9.8370005445088413	6.2011441533391283
14.1277868591668163	-18.6691648578145148	6.0585018997670073
-10.0643603088768767	-10.2386290694506688	-8.0890879626356895
-4.9164844997755841	-0.1565979128929771	9.7075872106438226
-2.1737043909413876	-4.5827120778876163	3.1704320224600071
-5.7041108057098358	-6.9448691161022049	-7.2550805419790967
