2900. -11000.  +15000. -10000. +3800. -810. +92. -5.1 
4200. -16000.  +25000. -20000. +8600. -2200. +310. -24. 
4200. -16000.  +25000. -20000. +8600. -2200. +310. -24. 
5900. -25000.  +43000. -37000. +19000. -5500. +980. -97. 
0.022446 -0.1467862 0.442036 -0.6950016 0.6486384 -0.3633408 0.12004608 -0.02243648
0 0 0 0 0 0 0 0
0 0 0 0 0 0 0 0
0 0 0 0 0 0 0 0
0 0 0 0 0 0 0 0
0 0 0 0 0 0 0 0
0 0 0 0 0 0 0 0
0 0 0 0 0 0 0 0
0.022 -0.054  +0.053 -0.026 +0.0071 -0.00098 
0.11 -0.28  +0.31 -0.19 +0.062 -0.010 +0.00073 
0.11 -0.28  +0.31 -0.19 +0.062 -0.010 +0.00073 
0.56 -1.4  +1.8 -1.3 +0.51 -0.11 +0.0097 -0.00015 
100. -250.  +230. -100. +24. -2.7 +0.12 
150. -400.  +430. -230. +64. -9.9 +0.75 -0.022 
150. -400.  +430. -230. +64. -9.9 +0.75 -0.022 
200. -640.  +780. -480. +160. -31. +3.3 -0.18 
-550. +1700. -1900. +1100. -320. +51. -4.0 +0.11 
-770. +2600. -3400. +2200. -790. +160. -17. +0.96 
-790. +2600. -3400. +2200. -770. +150. -16. +0.77 
-1100. +4100. -5900. +4400. -1800. +440. -61. +4.5 
0.0016 -0.0081  +0.0047 +0.0049 -0.0061 +0.0023 -0.00039 
0.0080 -0.041  +0.027 +0.020 -0.038 +0.020 -0.0042 +0.00032 
0.063 -0.37  +0.72 -0.68 +0.35 -0.098 +0.014 -0.00077 
0.31 -1.9  +3.8 -4.1 +2.5 -0.87 +0.15 -0.011
