1.000000000000000056e-01 1.149070760172262680e+03
1.097498765493056250e-01 1.372877735229571044e+03
1.204503540258782118e-01 1.638748741884441870e+03
1.321941148466029003e-01 1.954002740758744039e+03
1.450828778495939775e-01 2.327782914747534505e+03
1.592282793341092129e-01 2.770491886076215906e+03
1.747528400007683780e-01 3.293405791606585353e+03
1.917910261672488847e-01 3.909529526288555644e+03
2.104904144512020903e-01 4.633138766594644039e+03
2.310129700083159709e-01 5.481140686500510128e+03
2.535364493970111988e-01 6.470246760124699904e+03
2.782559402207124277e-01 7.616557366499274394e+03
3.053855508833415722e-01 8.924502719006750340e+03
3.351602650938842465e-01 1.036040823873197223e+04
3.678379771828634293e-01 1.228043708365469502e+04
4.037017258596554692e-01 1.456005375248432210e+04
4.430621457583880929e-01 1.723315361900696371e+04
4.862601580065354923e-01 2.042996207632288497e+04
5.336699231206309957e-01 2.415856042308349060e+04
5.857020818056667411e-01 2.862295282848243733e+04
6.428073117284321958e-01 3.386165226953590172e+04
7.054802310718644165e-01 4.004503927821615071e+04
7.742636826811272188e-01 4.728665873752682091e+04
8.497534359086444944e-01 5.574706791865884588e+04
9.326033468832198858e-01 6.561585935066686943e+04
1.023531021899026339e+00 7.713725508406927111e+04
1.123324032978027631e+00 9.055057205831389001e+04
1.232846739442066575e+00 1.061082316796919768e+05
1.353047774579807516e+00 1.240623732459346502e+05
1.484968262254465099e+00 1.446740684699663834e+05
1.629750834620644406e+00 1.682543674342080485e+05
1.788649529057435128e+00 1.950606782349793648e+05
1.963040650040271506e+00 2.253498121482186834e+05
2.154434690031884259e+00 2.593378303331936477e+05
2.364489412645408350e+00 2.971544791425289586e+05
2.595024211399737268e+00 3.388128388127363287e+05
2.848035868435801810e+00 3.841824804201485240e+05
3.125715849688236680e+00 4.328641245100867236e+05
3.430469286314919319e+00 4.841412293303936021e+05
3.764935806792469197e+00 5.369088072674297728e+05
4.132012400115338657e+00 5.896401533844505902e+05
4.534878508128584507e+00 6.401344781061267713e+05
4.977023564332111683e+00 6.855816920910583576e+05
5.462277217684342823e+00 7.223727977717993781e+05
5.994842503189412142e+00 7.461381746314773336e+05
6.579332246575682497e+00 7.519733426450105617e+05
7.220809018385467404e+00 7.346830549865943613e+05
7.924828983539177862e+00 6.894498758361476939e+05
8.697490026177835176e+00 6.129036715765629197e+05
9.545484566618341660e+00 5.048690394406809937e+05
1.047615752789665144e+01 3.708193229829299380e+05
1.149756995397736858e+01 2.252231960088225605e+05
1.261856883066021062e+01 9.436723789155670966e+04
1.384886371393873183e+01 1.520507567660540008e+04
1.519911082952934755e+01 5.128994187231934347e+02
1.668100537200059108e+01 1.197739576821904706e+02
1.830738280295369691e+01 1.810277807072408862e+01
2.009233002565047954e+01 2.732065926836396152e-01
2.205130739903045622e+01 2.243746400218585291e-01
2.420128264794383455e+01 1.858530486369275314e-01
2.656087782946686815e+01 1.571419941875460136e-01
2.915053062825178642e+01 1.407926012488281142e-01
3.199267137797384564e+01 1.228995535315723087e-01
3.511191734215134375e+01 1.079319133214508841e-01
3.853528593710531425e+01 1.010981965801124316e-01
4.229242874389498752e+01 9.357749690510391849e-02
4.641588833612782139e+01 8.688514988302187270e-02
5.094138014816380178e+01 7.510998932792223304e-02
5.590810182512228721e+01 6.359600692185850279e-02
6.135907273413175744e+01 5.766188949569220346e-02
6.734150657750828373e+01 5.384600869459979511e-02
7.390722033525783274e+01 4.986595429588371042e-02
8.111308307896872805e+01 4.605973362982142966e-02
8.902150854450393069e+01 4.277247229002805601e-02
9.770099572992256753e+01 3.920053252203568872e-02
1.072267222010324303e+02 3.492066021099171635e-02
1.176811952434999142e+02 3.121063470428128012e-02
1.291549665014883885e+02 2.796655584588850912e-02
1.417474162926806116e+02 2.488778302303365497e-02
1.555676143930472222e+02 2.197205524138484689e-02
1.707352647470692091e+02 1.937685097141571625e-02
1.873817422860385022e+02 1.705104221310081367e-02
2.056512308348653448e+02 1.468352650045522470e-02
2.257019719633921397e+02 1.259629781705947499e-02
2.477076355991711409e+02 1.082885536706928824e-02
2.718588242732942604e+02 9.216095295956043196e-03
2.983647240283340238e+02 7.808336922269060523e-03
3.274549162877731874e+02 6.536933121609103843e-03
3.593813663804629073e+02 5.455003799230287789e-03
3.944206059437660201e+02 4.547383344071992579e-03
4.328761281083061476e+02 3.762058918385075001e-03
4.750810162102798131e+02 3.097568834222367163e-03
5.214008287999689628e+02 2.551099233153400481e-03
5.722367659350220492e+02 2.078144817340979705e-03
6.280291441834259558e+02 1.685986232936427087e-03
6.892612104349701667e+02 1.373043502656802906e-03
7.564633275546290179e+02 1.104514819585713983e-03
8.302175681319752130e+02 8.769612190273686110e-04
9.111627561154896284e+02 6.947599119094809584e-04
1.000000000000000000e+03 7.400423288618059126e-15
