2900. -11000.  +15000. -10000. +3900. 
4000. -16000.  +24000. -19000. +8200.
4000. -16000.  +24000. -19000. +8200.
5600. -24000.  +39000. -34000. +17000. 
0.00042 -0.0019  +0.0065 -0.012 +0.017 
0.014 -0.080  +0.23 -0.41 +0.43 
0.014 -0.080  +0.23 -0.41 +0.43 
0.49 -3.3  +8.8 -12. +9.8 
0.00021 -0.0015  +0.0043 -0.0063 +0.0049 
0.0072 -0.038  +0.082 -0.097 +0.068 
0.0072 -0.038  +0.082 -0.097 +0.068 
0.25 -0.84  +1.4 -1.5 +0.94 
0.038 -0.090  +0.091 -0.048 +0.014 
-0.0041-0.012  +0.012 +0.00056 -0.0032 
-0.0041-0.012  +0.012 +0.00056 -0.0032 
0.00046 +0.0038 +0.0091 +0.0054  -0.00062 
130. -300.  +280. -130. +30. 
120. -330.  +360. -190. +55. 
120. -330.  +360. -190. +55. 
120. -360.  +440. -270. +93. 
-610. +1800. -2100. +1200. -360. 
-580. +2000. -2600. +1700. -600. 
-840. +2800. -3500. +2300. -810. 
-800. +3000. -4300. +3100. -1300. 
-0.0040 +0.014 -0.033 +0.040 -0.024 
0.00044 +0.00083  -0.0010 +0.0067 -0.00090 
-0.14 +0.61 -1.1 +0.95 -0.47 
0.015 +0.012  -0.13 +0.11 +0.018 
